miRNA	transcript	r	p.value	number_of_cell_line	m_mean	t_mean	number_of_sample_without_expression
hsa-let-7a-1	MIRLET7A1HG	-0.153	0.0103	280	12.9814575036938	0.907877049793151	0
hsa-let-7a-2	MIR100HG	-0.0557	0.43	203	12.9784839243591	-1.99043040037169	80
hsa-let-7a-3	MIRLET7BHG	-0.128	0.0332	276	12.9849700630733	-2.19721585634097	3
hsa-let-7b	MIRLET7BHG	0.0625	0.308	268	13.545524806226	-2.19721585634097	3
hsa-let-7c	MIR99AHG	0.644	4.47e-33	270	9.47810209320225	-0.083941655595028	12
hsa-let-7d	MIRLET7A1HG	0.159	0.00858	274	9.60549946015708	1.01953499301318	0
hsa-let-7e	SPACA6	-0.375	0.0378	31	9.49093669881323	-6.98010921815187	259
hsa-let-7f-1	MIRLET7A1HG	-0.194	0.00133	270	12.3695823105152	1.01953499301318	0
hsa-let-7f-2	HUWE1	-0.0438	0.48	263	12.3886889969013	3.92992086643727	0
hsa-let-7g	WDR82	-0.0458	0.45	275	9.3039303128005	5.19738852663348	0
hsa-let-7i	AC048341.1	-0.00953	0.873	283	8.67458494460895	-1.68652880425215	0
hsa-mir-1-1	MIR1-1HG	0.206	0.192	42	4.46062417649019	-6.57831467177009	247
hsa-mir-1-2	MIR133A1HG	0.277	0.000323	164	4.55898835225723	-5.70952192571397	118
hsa-mir-100	MIR100HG	0.353	1.65e-07	209	10.9850486830787	-1.99043040037169	80
hsa-mir-101-1	JAK1	-0.185	0.0119	185	11.5632909242592	-1.92694663811866	91
hsa-mir-101-2	RCL1	0.126	0.041	265	11.5813132731795	3.8565293631207	0
hsa-mir-103a-1	PANK3	0.0732	0.227	274	13.1245871318808	3.52926002379213	0
hsa-mir-103a-2	PANK2	0.211	0.000346	283	13.1272416219524	3.84267158969237	0
hsa-mir-105-1	GABRA3	0.841	1.71e-36	132	2.80787828956918	-2.08197966507945	159
hsa-mir-105-2	GABRA3	0.849	1.27e-37	131	2.78800227160975	-2.08197966507945	160
hsa-mir-106a	AC002407.1	-0.096	0.655	24	4.11283844407279	-9.83993325234826	263
hsa-mir-106b	MCM7	0.279	2.85e-06	273	9.38198476829836	6.86932493402419	0
hsa-mir-107	PANK1	0.153	0.0106	280	6.17038215495128	3.43220113946121	0
hsa-mir-10a	AC103702.1	0.466	1.21e-14	246	16.2757096862947	-2.1954379474741	31
hsa-mir-10a	HOXB3	0.554	1.98e-23	274	16.2757096862947	2.28608641752909	4
hsa-mir-10b	HOXD3	0.379	0.109	19	15.2076195106343	-5.83009682148209	271
hsa-mir-1178	CIT	0.939	0.223	3	-9.1175367598446	2.08949997852937	288
hsa-mir-1180	B9D1	0.406	2.99e-12	273	4.24371417939911	3.5649121304639	0
hsa-mir-1181	CDC37	0.0258	0.705	218	-0.809662702954225	7.36798110987709	64
hsa-mir-1182	FAM89A	-0.371	0.758	3	-8.04808153735074	3.14669465097709	288
hsa-mir-1199	MISP3	0.182	0.471	18	-5.59912318280178	4.1818151684122	270
hsa-mir-1204	PVT1	-0.356	0.768	3	-8.10211417508197	3.19531579065824	288
hsa-mir-122	MIR122HG	-0.903	0.00213	8	0.251204456121082	-8.26047744512121	280
hsa-mir-1224	VWA5B2	0.595	1.17e-17	170	1.78471793599564	-1.21574893018895	110
hsa-mir-1225	PKD1	-0.442	0.00542	38	-4.1924034563188	3.43833968064417	248
hsa-mir-1226	DHX30	0.0823	0.199	245	0.71907047394126	4.69419985057413	23
hsa-mir-1227	PLEKHJ1	0.0764	0.457	97	-2.34977918677761	6.72241341441016	187
hsa-mir-1228	LRP1	-0.00309	0.961	251	0.180652663369052	4.6147770839345	30
hsa-mir-1229	MGAT4B	0.107	0.127	203	-0.478824721002494	7.46718821964655	71
hsa-mir-1231	NAV1	-0.357	0.16	17	-5.50926375156042	1.84270576748599	271
hsa-mir-1234	CPSF1	-0.217	0.0852	64	-3.56799067146214	4.99009900617306	221
hsa-mir-1236	NELFE	0.297	0.192	21	-5.19076199047981	6.1860677515808	266
hsa-mir-1237	RPS6KA4	0.054	0.635	80	-3.37824921742079	4.66815466812392	203
hsa-mir-1238	ATG4D	0.149	0.531	20	-5.51590211235884	4.38500047416411	268
hsa-mir-124-1	MIR124-1HG	0.661	0.224	5	-4.48903560360684	-7.71228775599845	285
hsa-mir-1243	ANK2	-0.299	0.0967	32	-5.2152438964847	-2.09721891770146	258
hsa-mir-1244-1	PTMA	0.146	0.73	8	-6.69594958938418	11.0209298778218	282
hsa-mir-1245a	COL3A1	0.44	1.75e-13	255	0.702756173414987	8.9444990808663	24
hsa-mir-1247	DIO3OS	0.762	2.57e-55	285	8.31431333843751	3.06754466328482	4
hsa-mir-1248	EIF4A2	-0.168	0.00544	272	1.88454816441116	7.7705040994416	6
hsa-mir-1248	SNORA81	0.479	0.136	11	1.88454816441116	4.4778247946906	278
hsa-mir-1249	KIAA0930	-0.00369	0.952	266	1.0609018929201	4.92880998270114	6
hsa-mir-1250	AATK	0.043	0.777	46	-3.82480321710595	0.477395132113006	245
hsa-mir-1251	RMST	-0.592	0.161	7	-4.734151433129	-7.25051585735803	284
hsa-mir-1252	SYT1	-0.00045	0.998	21	-5.47845795602803	0.616474274585961	268
hsa-mir-1254-1	CCAR1	-0.0544	0.433	210	-0.930246476231093	4.61319677873933	73
hsa-mir-1255a	PPP3CA	-0.104	0.148	196	-1.09027568877863	3.8664009696799	88
hsa-mir-1256	EIF4G3	-0.122	0.3	74	-3.43412859478084	4.05365719735409	214
hsa-mir-1257	TAF4	0.427	0.0877	17	-3.96325744447756	-4.58999708922973	272
hsa-mir-1258	ZNF385B	0.268	0.00723	99	-1.5976732794893	-3.67625343543051	191
hsa-mir-125a	SPACA6	0.0982	0.405	74	8.79061297093867	-4.58877863800292	213
hsa-mir-125b-1	MIR100HG	0.657	2.48e-36	283	7.5067039888355	1.23585191516959	0
hsa-mir-125b-2	MIR99AHG	0.56	2.58e-23	266	7.5450885743372	-0.0272184509062858	10
hsa-mir-126	EGFL7	0.0481	0.427	275	10.6949013023233	3.84719062846075	0
hsa-mir-1262	WLS	0.104	0.0982	252	0.0278928391523821	5.02058612483113	24
hsa-mir-1266	MYO5C	0.486	2.43e-18	286	4.40405418623654	3.35399385737047	1
hsa-mir-1267	FAM155A	0.236	0.652	6	-7.13370721683508	-2.33199489790234	284
hsa-mir-127	AL117190.1	0.185	0.311	32	9.95141024736033	-7.55322901644953	252
hsa-mir-1271	ARL10	0.0781	0.197	274	0.98189910695818	-0.79830436271407	12
hsa-mir-1273c	TIAM2	-0.304	0.618	5	-7.05221690884651	1.33907469295841	283
hsa-mir-1273h	PRKCB	-0.383	0.0535	26	-5.19202336149167	0.33742137556843	262
hsa-mir-1276	KLHL25	0.164	0.0481	145	-2.2282347356523	2.31271470195676	143
hsa-mir-1277	WDR44	-0.125	0.0488	248	0.226669930418184	2.39724246940646	37
hsa-mir-1278	CDC73	0.0546	0.719	46	-4.50147980890969	3.81693517358505	243
hsa-mir-128-1	R3HDM1	0.292	8.64e-07	275	6.48717237759164	3.54851983097354	0
hsa-mir-128-2	ARPP21	-0.519	0.000424	42	5.95941368118339	-7.05576183197816	246
hsa-mir-1284	AC097634.4	-0.0635	0.63	60	-1.87660656508075	-4.14143914126048	231
hsa-mir-1284	FOXP1	0.0427	0.581	169	-1.87660656508075	2.36719548844432	113
hsa-mir-1285-1	AC000120.1	0.0883	0.754	15	-5.51492201149212	-2.13103510816007	276
hsa-mir-1285-1	AC000120.3	-0.0399	0.888	15	-5.51492201149212	-1.25194732874659	276
hsa-mir-1285-1	KRIT1	0.226	0.4	16	-5.51492201149212	3.56549108983517	275
hsa-mir-1286	RTN4R	0.459	0.0107	30	-4.77579130913335	2.2475311100346	259
hsa-mir-1287	PYROXD2	0.518	5.35e-21	285	4.17678545012584	1.29589470675707	0
hsa-mir-1288	PIGL	0.093	0.157	233	-0.861114972066831	2.08904188388881	53
hsa-mir-1289-1	GDF5	0.979	0.129	3	-5.44015364315473	-9.72244603510303	288
hsa-mir-129-2	AC068205.1	-0.234	0.489	11	2.32400245166057	-7.95897731323181	280
hsa-mir-129-2	AC068205.2	-0.0641	0.82	15	2.32400245166057	-8.15072725548545	273
hsa-mir-1290	ALDH4A1	0.478	0.337	6	-7.35264638636346	4.06279447489092	284
hsa-mir-1291	KANSL2	-0.0607	0.355	234	0.12054319879147	4.12228253431424	43
hsa-mir-1291	SNORA2C	0.0596	0.694	46	0.12054319879147	2.98870757796085	235
hsa-mir-1292	NOP56	0.252	1e-04	234	-0.401839156073003	6.08205651637694	43
hsa-mir-1293	LIMA1	0.0211	0.787	166	-1.00172547340755	5.08014471413904	116
hsa-mir-1294	AC008625.1	-0.053	0.797	26	-1.58795598381037	-4.95146734085588	261
hsa-mir-1294	GALNT10	0.0353	0.632	186	-1.58795598381037	4.06686797516267	104
hsa-mir-1295a	BX284613.2	0.214	0.00582	164	-1.19373185566119	-3.53817897579452	122
hsa-mir-1295b	FMO3	0.351	0.0331	37	-4.4181664448998	-0.546487970901591	251
hsa-mir-1296	JMJD1C	-0.0363	0.552	271	2.9106043621393	-0.017042929598814	1
hsa-mir-1298	HTR2C	0.029	0.956	6	-4.97150519600068	-4.79737121423754	285
hsa-mir-1301	DNMT3A	0.179	0.00305	271	2.83963129955947	1.24058267571414	0
hsa-mir-1304	TAF1D	0.257	3.51e-05	253	2.95096776009944	5.80975703019177	22
hsa-mir-1305	TENM3	0.306	0.0291	51	-3.45251951917208	-3.57563371128351	240
hsa-mir-1306	DGCR8	0.0272	0.657	268	3.47159535202494	2.87592190347907	0
hsa-mir-1307	ATP5MD	0.332	2.21e-08	270	10.9496544634955	8.52210535836332	0
hsa-mir-130a	AP000662.1	-0.00905	0.925	112	5.11621325187121	-5.51999797712358	172
hsa-mir-130b	AP000553.1	0.153	0.0165	246	5.3533804802058	-2.81988399459008	43
hsa-mir-1322	AC105001.2	-0.484	0.409	5	-6.28094627151868	-4.73723531906988	285
hsa-mir-1322	PINX1	0.0417	0.887	14	-6.28094627151868	3.5412501403047	275
hsa-mir-133a-1	MIR133A1HG	0.417	2.75e-08	164	4.25620817821101	-5.79567503324802	116
hsa-mir-133a-2	MIR1-1HG	0.198	0.215	41	4.12018556255001	-6.57831467177009	246
hsa-mir-1343	PDHX	0.153	0.0229	221	-0.103794999652588	4.08069977840153	54
hsa-mir-135a-1	GLYCTK-AS1	0.135	0.328	55	-2.03905150642196	-1.33981504072803	235
hsa-mir-135a-2	RMST	0.266	0.287	18	-2.60639981530562	-7.03571549948025	272
hsa-mir-135b	BLACAT1	0.642	2.59e-32	266	6.11219017317429	0.746857190723361	9
hsa-mir-135b	LEMD1	0.414	2.68e-10	215	6.11219017317429	0.374643505279712	73
hsa-mir-136	AL117190.1	0.319	0.058	36	4.79247925691237	-7.55322901644953	253
hsa-mir-137	MIR137HG	0.163	0.32	39	-1.67353320020773	-7.29023449638058	249
hsa-mir-139	PDE2A	0.57	4.59e-25	275	5.97424499854796	0.27903188635237	0
hsa-mir-140	WWP2	0.172	0.00565	259	9.82431116301244	4.461078262445	0
hsa-mir-141	MIR200CHG	0.203	0.000846	267	10.7109604604784	3.80644817104879	3
hsa-mir-142	AC004687.1	0.451	6.89e-15	269	10.966262594215	0.317784158679894	1
hsa-mir-143	CARMN	0.448	2.52e-15	282	17.3719520718852	1.71483178911577	0
hsa-mir-144	AC024267.1	-0.239	0.285	22	6.22083291561132	-7.79069159344626	261
hsa-mir-145	CARMN	0.55	3.76e-23	275	11.8570426753005	1.71483178911577	0
hsa-mir-146a	MIR3142HG	0.711	7.59e-45	283	7.89530401568995	0.812032267448882	0
hsa-mir-147b	C15orf48	0.471	4.75e-16	265	2.10652362728499	8.01180462261922	15
hsa-mir-148b	AC078778.1	0.00866	0.906	188	6.98637563612458	-3.17492699381688	98
hsa-mir-148b	COPZ1	0.175	0.00408	269	6.98637563612458	7.21820478193693	0
hsa-mir-149	GPC1	0.249	3.42e-05	271	4.28346616246879	3.68918912081764	0
hsa-mir-151a	PTK2	0.483	1.75e-17	275	11.5124977025117	5.17897246845046	0
hsa-mir-152	COPZ2	0.598	2.16e-28	279	7.6291227036391	2.79445142996806	1
hsa-mir-153-1	PTPRN	-0.0413	0.522	242	0.829222115596466	-0.577121109268855	45
hsa-mir-153-2	PTPRN2	0.522	1.84e-20	273	5.02809755694626	3.4943953799634	5
hsa-mir-1537	LYST	0.0445	0.606	137	-2.27483294642871	1.15876569253572	151
hsa-mir-1539	AC100778.3	-0.859	0.0132	7	-4.99294038091481	-5.56019701780828	282
hsa-mir-155	MIR155HG	0.708	1.97e-43	277	8.83252922571342	0.252520066095889	0
hsa-mir-15a	DLEU2	0.292	8.16e-07	276	7.1467340825357	1.96160079755601	0
hsa-mir-15b	SMC4	-0.0399	0.506	280	8.06860245636106	3.8073770106332	0
hsa-mir-16-1	DLEU2	0.135	0.0246	276	7.95305321851193	1.83299323114065	0
hsa-mir-16-2	SMC4	-0.185	0.00196	278	7.97168478947125	3.8073770106332	0
hsa-mir-17	MIR17HG	0.505	3.55e-19	274	10.518230933081	-0.515725628896154	2
hsa-mir-181a-1	MIR181A1HG	0.157	0.193	70	9.43156549377389	-6.36279705292817	218
hsa-mir-181a-2	MIR181A2HG	0.478	3.01e-16	260	10.2460150424018	-1.05096997585048	19
hsa-mir-181b-1	MIR181A1HG	0.0675	0.573	72	7.00808462885725	-6.36279705292817	218
hsa-mir-181b-2	MIR181A2HG	0.31	2.48e-07	266	6.90743620504392	-1.05096997585048	19
hsa-mir-181c	NANOS3	0.263	2.93e-05	247	6.40656414975216	1.13249595898658	40
hsa-mir-181d	NANOS3	0.354	8.27e-09	250	4.5819000117373	1.13249595898658	40
hsa-mir-1825	POFUT1	0.201	0.336	25	-4.64630862363515	5.35936749771502	263
hsa-mir-185	TANGO2	0.244	4.45e-05	274	5.99511227857126	3.4805770214513	0
hsa-mir-186	ZRANB2	0.254	1.59e-05	282	7.97000156010763	4.62023075819128	0
hsa-mir-188	CLCN5	0.438	1.67e-14	279	2.80182980940969	1.66626502449492	3
hsa-mir-18a	MIR17HG	0.395	1.03e-11	275	5.00072369379306	-0.515725628896154	2
hsa-mir-18b	AC002407.1	0.155	0.54	18	-0.540159930689757	-9.83993325234826	270
hsa-mir-1908	FADS1	-0.238	0.119	44	-4.33391594029263	2.89061540425025	243
hsa-mir-1909	REXO1	0.00952	0.937	72	-3.01318956515303	4.16005032955311	212
hsa-mir-190a	TLN2	0.385	4.2e-11	274	2.46990976237125	2.70417376448218	5
hsa-mir-191	DALRD3	0.12	0.0507	266	9.59174984951154	0.936459700853076	3
hsa-mir-1910	C16orf74	0.213	0.0944	63	-2.69218546969199	1.59852796244226	226
hsa-mir-1911	HTR2C	0.514	0.0102	24	-1.83242853990262	-4.79737121423754	267
hsa-mir-1913	RPS6KA2	0.173	0.479	19	-5.51932452991575	2.55174926380439	269
hsa-mir-1914	UCKL1	-0.0557	0.647	70	-3.43126481680366	5.20764385722688	219
hsa-mir-1915	MIR1915HG	-0.0313	0.941	8	-7.26954796174605	-2.3914385798293	283
hsa-mir-192	MIR194-2HG	0.406	2.3e-12	275	15.6198874406675	2.12029449221294	0
hsa-mir-193b	MIR193BHG	0.335	1.42e-08	273	5.65273936737033	-1.88440435144547	0
hsa-mir-194-2	MIR194-2HG	0.447	1.13e-14	270	13.2760701908933	2.12029449221294	0
hsa-mir-195	AC040977.2	0.156	0.549	17	4.93594412547327	-4.68648697905139	272
hsa-mir-195	MIR497HG	0.392	2.17e-11	271	4.93594412547327	0.112721008876718	0
hsa-mir-196a-1	HOXB7	0.0756	0.236	247	7.03552306484892	4.09290341086517	29
hsa-mir-196a-2	AC012531.3	0.17	0.427	24	7.049761523214	-6.93639697699885	266
hsa-mir-196a-2	HOXC6	0.284	0.0843	38	7.049761523214	-4.56434488195873	252
hsa-mir-196b	AC004080.3	0.247	0.000129	236	11.3590477232066	-1.07123920061135	55
hsa-mir-196b	HOXA9	0.372	1.83e-10	275	11.3590477232066	2.52432117988295	16
hsa-mir-197	GNAI3	0.0469	0.445	267	8.94742000678008	3.65885670844547	0
hsa-mir-1976	RPS6KA1	0.369	5.48e-10	265	3.82048848436631	5.54721367033959	0
hsa-mir-198	FSTL1	-0.298	0.322	13	-6.76978031731161	5.4544883841215	278
hsa-mir-199a-2	DNM3OS	0.354	7.35e-10	285	10.5811983163251	0.66399929611806	0
hsa-mir-19a	MIR17HG	0.428	2.31e-13	268	5.48455036810025	-0.515725628896154	10
hsa-mir-19b-1	MIR17HG	0.433	1.23e-13	267	6.93324102177783	-0.515725628896154	3
hsa-mir-19b-2	AC002407.1	-0.0122	0.954	25	6.75696910986672	-9.83993325234826	264
hsa-mir-200c	MIR200CHG	0.203	0.000835	269	13.8829757961268	3.80644817104879	3
hsa-mir-202	MIR202HG	0.149	0.458	27	0.577674467244002	-6.11804251641299	262
hsa-mir-204	TRPM3	0.675	4.52e-29	208	3.170364043297	-3.86295323521776	77
hsa-mir-205	MIR205HG	0.288	0.11	32	2.89642419676974	-2.69427052530481	254
hsa-mir-208b	MYH7	-0.0661	0.934	4	-7.37068835620994	-5.61956137249076	286
hsa-mir-20a	MIR17HG	0.487	1.39e-17	271	9.29849678597919	-0.515725628896154	2
hsa-mir-20b	AC002407.1	0.00354	0.987	24	2.95735450868909	-9.83993325234826	263
hsa-mir-21	VMP1	0.327	3.29e-08	272	17.6750123593377	5.64547032664563	0
hsa-mir-210	MIR210HG	0.445	6.35e-15	278	9.45185271657605	3.13151439313155	0
hsa-mir-211	TRPM1	0.528	0.0948	11	-4.72569031504179	-7.53687844918117	280
hsa-mir-2110	CCDC186	0.208	0.000661	265	1.61426525678198	2.87796116435949	2
hsa-mir-2116	MYO1E	0.0763	0.228	251	-0.12096193374042	3.76578289729276	29
hsa-mir-214	DNM3OS	0.341	3.69e-09	284	4.74376275552551	-0.300958644427441	0
hsa-mir-216a	MIR217HG	0.127	0.606	19	0.533647916303547	-6.93590096463853	268
hsa-mir-216b	MIR217HG	-0.0144	0.971	9	-2.46451005040609	-6.93590096463853	280
hsa-mir-217	MIR217HG	0.358	0.121	20	5.50717472140479	-6.93590096463853	268
hsa-mir-218-1	SLIT2	0.647	1.53e-34	280	3.46419688330685	0.495193646552045	2
hsa-mir-218-2	SLIT3	0.4	4.35e-12	278	3.39502613882353	1.73817260552461	3
hsa-mir-219a-2	AL359091.1	-0.123	0.575	23	-2.98841957099	-7.66026699707642	267
hsa-mir-22	MIR22HG	0.312	1.05e-07	278	15.6194513177672	2.94740350830365	0
hsa-mir-221	MIR222HG	0.466	1.11e-16	283	7.9632919343247	1.38985965810152	0
hsa-mir-222	MIR222HG	0.349	1.76e-09	281	6.3310967426531	1.38985965810152	0
hsa-mir-223	MIR223HG	0.405	1.3e-12	284	8.60164748432196	-0.62322672133213	4
hsa-mir-224	GABRE	0.631	9.29e-33	282	6.43476200230508	2.14210305377987	1
hsa-mir-2276	AL359736.1	0.0656	0.53	94	-2.09028947459496	-4.02834297438237	192
hsa-mir-2276	SPATA13	-0.0314	0.714	138	-2.09028947459496	3.43684124581039	150
hsa-mir-2277	FAM172A	-0.0697	0.27	252	-0.146714549175464	2.09531206619349	34
hsa-mir-2278	AOPEP	-0.155	0.21	67	-3.62663912271561	1.32630329061495	222
hsa-mir-2355	KLF7	0.287	1.54e-06	271	5.04969398588667	2.12227174505346	1
hsa-mir-23a	AC020916.1	0.252	1.86e-05	281	11.5368670105648	1.03286312375584	0
hsa-mir-23b	AOPEP	0.284	2.19e-06	270	9.8380092778791	4.35222778377872	0
hsa-mir-23c	MAP7D2	-0.117	0.164	144	-0.126795063586884	1.88055019517408	140
hsa-mir-24-1	AOPEP	-0.0165	0.786	272	9.98385568462362	4.35222778377872	0
hsa-mir-24-2	AC020916.1	0.0722	0.231	277	9.99230233086591	1.03286312375584	0
hsa-mir-2467	HDAC4	-0.0262	0.908	22	-5.65683194197213	1.7780602492643	269
hsa-mir-25	MCM7	0.47	1.42e-16	276	13.2000809301033	6.86932493402419	0
hsa-mir-2681	FGF14	0.209	0.515	12	-5.48275420060562	-3.97504022049983	277
hsa-mir-2682	MIR137HG	-0.53	0.644	3	-7.04944160324423	-6.88084683769853	288
hsa-mir-26a-1	CTDSPL	0.0466	0.443	273	9.85881491737984	4.16695907344718	0
hsa-mir-26a-2	CTDSP2	0.00585	0.923	276	9.86944185464266	6.05648057367576	0
hsa-mir-26b	CTDSP1	-0.107	0.0788	270	9.27147558057536	6.23077588062095	0
hsa-mir-27a	AC020916.1	0.258	1.23e-05	279	10.5953310072627	1.03286312375584	0
hsa-mir-27b	AOPEP	0.0991	0.101	275	10.2653367641721	4.35222778377872	0
hsa-mir-28	LPP	0.313	2.44e-07	261	12.4609835132098	3.21301020701026	0
hsa-mir-296	AL132655.2	0.54	7.11e-14	165	2.41431155554101	-2.53817649924147	126
hsa-mir-299	MEG8	-0.035	0.978	3	2.20994033899309	-12.382660614975	288
hsa-mir-29a	AC016831.1	0.282	2.35e-06	271	13.2374744836828	-0.93957580312037	0
hsa-mir-29a	AC016831.6	0.2	0.000978	268	13.2374744836828	-2.31294150414191	1
hsa-mir-29b-1	AC016831.1	0.38	1.17e-10	268	8.5717189134489	-0.93957580312037	0
hsa-mir-29b-1	AC016831.6	0.178	0.00368	266	8.5717189134489	-2.31294150414191	1
hsa-mir-29b-2	MIR29B2CHG	0.0393	0.513	280	8.59845739243686	-1.69532073486718	0
hsa-mir-29c	MIR29B2CHG	0.126	0.0363	276	10.1573433277742	-1.69532073486718	0
hsa-mir-301a	SKA2	0.0822	0.174	275	3.12666300609708	4.92977873626808	7
hsa-mir-301b	AP000553.1	0.101	0.124	234	1.03710538949385	-2.81988399459008	55
hsa-mir-302a	MIR302CHG	-0.488	0.676	3	-7.97535085806597	-3.17646164650555	287
hsa-mir-302b	MIR302CHG	-0.491	0.509	4	-7.36580234278373	-3.17646164650555	287
hsa-mir-3064	DDX5	-0.043	0.604	148	-2.23351254382105	7.71777002552648	136
hsa-mir-30a	AL136164.2	0.132	0.832	5	12.3699642557737	-9.12598534715875	283
hsa-mir-30a	LINC00472	0.526	1.08e-19	257	12.3699642557737	-3.73229717110102	18
hsa-mir-30c-1	NFYC	-0.0737	0.226	272	7.34313495762997	4.81256800939369	0
hsa-mir-30c-2	AL136164.2	0.721	0.169	5	7.43468524624954	-9.12598534715875	283
hsa-mir-30c-2	LINC00472	0.0149	0.809	263	7.43468524624954	-4.17973571055142	18
hsa-mir-30e	NFYC	0.155	0.0117	263	12.9066993022784	4.81256800939369	0
hsa-mir-31	MIR31HG	0.76	1.94e-49	256	4.15619463535154	-1.22256741780255	34
hsa-mir-3115	KDM1A	0.0446	0.7	77	-3.52399223584287	5.31740552747883	212
hsa-mir-3116-1	PATJ	-0.0855	0.568	47	-4.27300087149009	3.52483828140531	244
hsa-mir-3117	SGIP1	0.0545	0.424	217	-0.708653188577593	-0.214852150003522	66
hsa-mir-3119-2	METTL11B	-0.276	0.822	3	-8.88522976422665	-4.14168589583049	288
hsa-mir-3120	DNM3	0.041	0.917	9	-5.73873188588264	-0.834186783455713	278
hsa-mir-3121	ACBD6	0.12	0.659	16	-6.00585387288877	4.9188487537909	275
hsa-mir-3125	TRIB2	0.134	0.437	36	-4.70509029415062	3.10165193985675	255
hsa-mir-3126	ANTXR1	-0.326	0.00294	81	-3.23683434914891	4.8734788215991	208
hsa-mir-3127	CNNM4	0.398	1.37e-11	268	3.32223754159826	4.34663832675214	1
hsa-mir-3128	NFE2L2	-0.168	0.349	33	-5.17723167079812	5.84682382060681	257
hsa-mir-3129	COL5A2	-0.118	0.117	179	-1.53430353888722	5.32962484369705	110
hsa-mir-3130-2	FASTKD2	-0.019	0.759	265	1.96667329751485	4.14507412640539	11
hsa-mir-3131	IHH	0.359	8.68e-09	243	1.65635117650719	5.14978534828704	37
hsa-mir-3133	FARP2	-0.0331	0.777	76	-3.53973330401731	2.59441617659345	212
hsa-mir-3135a	KAT2B	0.29	0.315	14	-6.38984863104303	1.80995223554631	277
hsa-mir-3136	TMF1	-0.0492	0.47	218	-0.844743961782264	3.52689832463347	69
hsa-mir-3137	XXYLT1	0.423	0.0126	34	-4.65668725173447	2.84274307819212	254
hsa-mir-3138	WDR1	-0.0694	0.482	105	-2.30818024985292	7.37297356846208	176
hsa-mir-3139	GAB1	-0.125	0.57	23	-5.59136284834689	1.84370286063552	267
hsa-mir-3140	FBXW7	0.0136	0.878	130	-2.52144344711753	1.09902812018333	157
hsa-mir-3142	MIR3142HG	-0.162	0.794	5	-7.57809865676691	0.812032267448882	286
hsa-mir-3145	NHSL1	-0.00233	0.983	88	-3.00802833205801	3.10080487025959	198
hsa-mir-3146	POLR1F	-0.269	0.137	32	-4.86297725638986	3.3408530246324	257
hsa-mir-3150a	NDUFAF6	0.186	0.067	98	-2.59285375129641	-1.9947937502909	191
hsa-mir-3150b	AC068189.1	0.354	0.00088	85	2.74168450897233	-4.96404239000742	203
hsa-mir-3150b	MIR3150BHG	0.433	1.71e-12	242	2.74168450897233	-2.71215688865527	42
hsa-mir-3152	ADAMTSL1	0.0739	0.552	67	-3.61551993531279	-0.789340453431842	218
hsa-mir-3153	CKS2	0.151	0.746	7	-6.81612710509906	7.21773271651967	282
hsa-mir-3155a	PFKFB3	-0.0753	0.384	136	-2.33709067340621	3.85279937416181	148
hsa-mir-3157	ENTPD1-AS1	-0.0895	0.206	201	-1.16763254081023	-0.589683508841187	84
hsa-mir-3158-1	DPCD	0.028	0.71	178	-1.54937774054068	4.87083193728113	102
hsa-mir-3160-1	AMBRA1	-0.353	0.126	20	-5.91314848934786	3.33926992177213	270
hsa-mir-3161	PTPRJ	0.129	0.223	91	-1.50505857877768	3.19207506075848	198
hsa-mir-3162	OSBP	0.106	0.665	19	-4.90932962092709	4.70163511969727	271
hsa-mir-3163	PC	0.133	0.68	12	-6.29943842179661	2.29694310597585	278
hsa-mir-3164	AP003071.5	0.0967	0.611	30	-4.46982818435767	-1.79419065199743	257
hsa-mir-3164	TPCN2	0.0803	0.673	30	-4.46982818435767	1.77399141667513	257
hsa-mir-3165	NUMA1	-0.564	0.0895	10	-6.47809020009098	4.36337994440433	280
hsa-mir-3167	KIRREL3	0.564	0.619	3	-10.034440445354	-2.89332257918644	288
hsa-mir-3170	FARP1	0.319	9.13e-08	268	0.880972165121392	4.58313455722912	14
hsa-mir-3173	DICER1	-0.0585	0.389	219	-0.141609617254931	1.74268611424455	57
hsa-mir-3174	ZNF710	-0.0569	0.493	147	-2.31507873776961	3.25336811429831	139
hsa-mir-3175	AC013394.1	0.0118	0.952	29	-4.6551245967553	-0.485823977938471	257
hsa-mir-3175	CHD2	0.0578	0.757	31	-4.6551245967553	2.84230151875191	257
hsa-mir-3176	CAPN15	-0.0771	0.325	165	-1.55412356832538	4.24016645069405	120
hsa-mir-3177	MAPK8IP3	-0.0999	0.32	101	-2.73839855636629	3.46404973089383	185
hsa-mir-3181	CYLD	-0.094	0.729	16	-6.06073880788271	2.90289089450983	274
hsa-mir-3182	CDH13	-0.0865	0.621	35	-4.52249128375778	2.0625024381536	255
hsa-mir-3183	ABR	0.0185	0.865	87	-2.90634061719349	5.1948688840065	201
hsa-mir-3189	GDF15	0.23	0.000748	212	-0.66016144715643	7.4915025737963	69
hsa-mir-3191	BBC3	-0.0616	0.456	149	-1.97203820821993	4.10708619274095	133
hsa-mir-3192	POLR3F	0.0808	0.585	48	-4.26407823560429	2.84653063913104	238
hsa-mir-3194	NFATC2	0.186	0.0151	171	-1.13026399258949	1.66396917032693	112
hsa-mir-3196	BIRC7	-0.109	0.558	31	-4.62652675854116	-0.419263716738556	260
hsa-mir-3198-1	BID	-0.356	0.0261	39	-4.43362694944111	5.71434430492201	250
hsa-mir-3198-2	CBX5	0.19	0.0894	81	-2.96524105238005	3.48679751828045	209
hsa-mir-3199-2	TTC28-AS1	-0.0928	0.159	232	-0.900617264856744	3.0390988655406	52
hsa-mir-32	TMEM245	-0.221	0.00021	277	4.99665634799416	3.49528409983226	1
hsa-mir-3200	OSBP2	0.18	0.00271	275	2.26460145659392	0.890807173471266	9
hsa-mir-3202-1	TMEM187	-0.202	0.437	17	-5.6390759568854	3.33009767689241	270
hsa-mir-320b-2	NVL	-0.181	0.00242	279	2.0294930618449	3.10112941284588	3
hsa-mir-320e	PRKD2	-0.212	0.124	54	-4.16382671169425	4.14728302829519	233
hsa-mir-323a	MEG8	-0.995	0.0622	3	2.02669921528959	-12.382660614975	288
hsa-mir-326	ARRB1	0.185	0.00212	274	2.63268728384621	4.03534970329629	2
hsa-mir-329-1	MEG8	-0.958	0.185	3	-1.17471530477482	-12.382660614975	288
hsa-mir-329-2	MEG8	-0.976	0.138	3	-0.984973254912634	-12.382660614975	288
hsa-mir-330	EML2	0.00963	0.875	270	5.09793364920299	4.9896512787625	0
hsa-mir-335	MEST	0.532	2.07e-21	274	7.76633484972085	5.45398667474469	0
hsa-mir-337	AL117190.1	0.277	0.113	34	4.69976497555061	-7.55322901644953	252
hsa-mir-338	AATK	0.596	3.71e-29	289	9.03073903497193	0.857928011568213	0
hsa-mir-339	C7orf50	0.299	4.64e-07	274	5.70390257600439	6.11051137461355	0
hsa-mir-33a	SREBF2	0.159	0.00844	274	5.58015209120589	5.76994378686817	0
hsa-mir-33b	SREBF1	0.377	1.81e-10	268	2.25208908691687	5.07401485051336	6
hsa-mir-340	RNF130	0.078	0.204	267	4.3585590389753	5.24874181905941	1
hsa-mir-342	EVL	0.413	4.02e-13	284	6.45264666155188	3.44812323520652	0
hsa-mir-346	GRID1	-0.209	0.0669	78	-2.47974509388592	-1.20923902390271	206
hsa-mir-34a	MIR34AHG	0.525	9.29e-22	288	6.97653856923182	0.548811667332258	0
hsa-mir-34b	AP002008.4	0.531	0.0417	15	-0.689770792531679	-8.90171451885703	274
hsa-mir-34c	AP002008.4	-0.0593	0.847	13	1.82644255620985	-8.90171451885703	272
hsa-mir-3605	PHC2	0.0286	0.647	259	1.16883905819208	5.99965302087378	7
hsa-mir-3606	COL3A1	-0.467	0.35	6	-6.90842036565264	8.94271694670918	283
hsa-mir-3607	COX7C	0.177	0.00326	275	6.09585884468306	9.72355292482821	0
hsa-mir-3609	TRRAP	-0.101	0.17	188	-1.14220852922149	3.06075164418655	96
hsa-mir-361	CHM	0.355	1.81e-09	271	8.59499774072184	2.57558305391594	0
hsa-mir-3610	RAD21	0.157	0.01	267	0.34878869767022	6.40358817168002	17
hsa-mir-3611	CUL2	0.0448	0.755	51	-4.28314158483619	3.02544824998504	235
hsa-mir-3612	TMEM132C	0.473	0.527	4	-7.13437085933019	-0.711208788051111	286
hsa-mir-3613	DLEU2	0.32	5.39e-08	276	3.67889551515321	-0.699414558059102	4
hsa-mir-3614	TRIM25	0.178	0.00272	280	2.30950297651676	4.13302087761365	3
hsa-mir-3615	SLC9A3R1	0.147	0.0162	268	2.89671758339547	5.3415400153779	0
hsa-mir-3616	EYA2	-0.197	0.258	35	-4.64773573159239	1.36111421716877	252
hsa-mir-3618	DGCR8	-0.016	0.864	117	-2.30838229002668	2.87592190347907	170
hsa-mir-3619	MIRLET7BHG	0.217	0.0155	124	-2.16207416499375	0.72037037337505	161
hsa-mir-362	CLCN5	0.435	1.24e-14	286	4.60975605946443	1.66626502449492	0
hsa-mir-3620	ARF1	-0.178	0.0993	87	-2.47298262114837	8.60342203022466	192
hsa-mir-3621	LRRC26	0.0439	0.972	3	-8.8191021917093	2.02943212820443	288
hsa-mir-3622a	AC013643.3	-0.186	0.277	36	-1.75195305545087	-6.4072927711755	251
hsa-mir-363	AC002407.1	-0.0193	0.93	23	2.11626046254087	-9.83993325234826	264
hsa-mir-3646	HNF4A	-0.146	0.224	71	-3.77572272572845	6.56767416017164	216
hsa-mir-3651	IARS1	-0.105	0.0925	256	1.7899055388113	5.56275048321798	27
hsa-mir-3651	SNORA84	0.402	0.0183	34	1.7899055388113	3.21716705828981	257
hsa-mir-3652	HSP90B1	0.0897	0.146	264	1.26886437061902	8.83388500201412	11
hsa-mir-3653	AP1B1	0.00339	0.956	269	2.94467100818529	5.31264765766464	0
hsa-mir-3654	CHCHD3	-0.0125	0.883	142	-1.2556049429359	6.00587583445634	142
hsa-mir-3655	IK	-0.29	0.000333	149	-1.87183428054078	5.99200647949991	133
hsa-mir-3656	TRAPPC4	0.226	0.437	14	-4.98083638229643	5.90021342663536	276
hsa-mir-3657	NAA25	0.383	0.308	9	-6.80812988218522	2.8193320393568	282
hsa-mir-3658	UCK2	0.405	0.0361	27	-5.17855595255632	5.13210606277426	263
hsa-mir-3659	MIR3659HG	0.427	0.398	6	-6.01404717653295	-3.94543659054083	284
hsa-mir-365a	MIR193BHG	0.266	7.44e-06	276	5.03217200189437	-1.88440435144547	0
hsa-mir-365b	AC003101.1	0.236	0.316	20	5.02819261549933	-6.8425111868486	269
hsa-mir-3662	HBS1L	0.139	0.0353	230	0.0633323156600803	4.14753332912745	52
hsa-mir-3664	SHANK2	0.0133	0.855	191	-1.01087882553015	0.0618404053940409	93
hsa-mir-3667	C22orf34	0.161	0.194	67	-2.49256239431814	-3.57309856248385	220
hsa-mir-3677	AC009065.4	0.0408	0.502	274	3.32488001817066	0.822282613057721	3
hsa-mir-3679	MGAT5	-0.0755	0.355	152	-2.16734219118447	4.90209226032387	137
hsa-mir-3680-2	AC133555.6	0.0967	0.241	149	-2.07263623738842	1.08765470955632	136
hsa-mir-3681	MIR3681HG	0.702	0.505	3	0.940985273071658	-6.73547032925576	288
hsa-mir-3682	ASB3	0.151	0.372	37	0.0232697289921297	-5.56537147707837	252
hsa-mir-3684	METAP1	0.0914	0.226	177	-1.73921199718821	5.06036729557824	108
hsa-mir-3688-2	RAPGEF2	0.109	0.486	43	-4.75904373014167	1.24154292063807	246
hsa-mir-3690-1	CSF2RA	0.136	0.0439	221	-0.630627045821397	1.71173854376213	66
hsa-mir-3691	LYRM4	-0.0438	0.546	193	-1.2608451226824	4.29784838282061	88
hsa-mir-3692	ZDHHC14	0.156	0.667	10	-6.68265270546796	0.714005013129279	281
hsa-mir-370	AL117190.1	0.467	0.0041	36	3.43694159152738	-7.55322901644953	252
hsa-mir-370	MEG8	0.215	0.00198	204	3.43694159152738	-3.35470466190211	78
hsa-mir-374a	FTX	0.122	0.0451	269	10.1585056003797	3.11552326851745	1
hsa-mir-374b	FTX	0.268	6.13e-06	276	6.30115324126015	2.9727918952017	0
hsa-mir-378a	PPARGC1B	0.517	6.99e-20	270	10.7992294493927	1.14904920834948	0
hsa-mir-378d-1	C4orf50	-0.158	0.0766	126	-1.71652148087911	-6.85641223581365	165
hsa-mir-378d-2	MIR378D2HG	-0.0293	0.714	159	-1.4457511315072	-3.49470428641282	131
hsa-mir-378e	DOCK2	-0.439	0.561	4	-8.01948946066952	1.45740992492464	287
hsa-mir-378i	TNFRSF13C	-0.0114	0.934	55	-2.94529365355265	0.205026236269992	232
hsa-mir-379	MEG8	-0.857	0.345	3	9.80921186447217	-12.382660614975	288
hsa-mir-380	MEG8	0.0138	0.991	3	-0.0643286193037906	-12.382660614975	288
hsa-mir-381	MIR381HG	-0.806	0.403	3	5.72875755979053	-9.29080186273777	286
hsa-mir-383	SGCZ	0.496	1.18e-07	102	2.31545371428633	-7.03190474198498	187
hsa-mir-3909	TOM1	0.0844	0.211	221	-0.963697589458264	4.68419832078642	56
hsa-mir-3910-2	ROR2	-0.222	0.376	18	-4.52743357899048	-5.63347056166376	273
hsa-mir-3911	AL162426.1	0.0697	0.735	26	-3.82199661991438	-3.0084775648427	264
hsa-mir-3911	PTRH1	-0.024	0.941	12	-3.82199661991438	-5.28446157607758	279
hsa-mir-3914-2	GALNT17	0.369	0.76	3	-7.79568852758935	-2.51434878993779	286
hsa-mir-3915	DMD	-1	0.0167	3	-9.24826642297781	-2.03061222641613	288
hsa-mir-3917	STMN1	0.234	0.000133	261	1.21694021605744	6.85522256258015	12
hsa-mir-3919	IQCJ-SCHIP1	0.0878	0.836	8	-7.48205913394932	1.51942975245397	282
hsa-mir-3920	TRPC6	-0.111	0.393	61	-3.98327190410699	-1.24852889308025	226
hsa-mir-3921	FILIP1L	-0.0716	0.909	5	-7.85574830137894	-6.4311022453471	285
hsa-mir-3922	CHST11	0.165	0.0126	227	-0.969016546852177	1.88552145337952	64
hsa-mir-3926-1	LONRF1	-0.0993	0.313	105	-3.01217398322952	2.78210181622371	184
hsa-mir-3936	MIR3936HG	0.128	0.309	65	-3.49506148928886	0.116084275520567	226
hsa-mir-3938	ERC2	-0.253	0.512	9	-7.14622705712588	-4.38917591915542	282
hsa-mir-3939	Z94721.1	0.103	0.595	29	-4.01265907828398	-3.12375429488207	262
hsa-mir-3939	Z94721.3	0.161	0.264	50	-4.01265907828398	-2.42901653939138	241
hsa-mir-3940	KHSRP	0.0846	0.173	261	1.23299178868228	5.9210188012352	13
hsa-mir-3941	PLEKHA1	0.0221	0.745	220	-1.01416862259649	4.19215846631096	63
hsa-mir-3942	DPH6	0.163	0.0174	213	-0.98817297008156	2.15245556022372	72
hsa-mir-3943	HECW1	0.0199	0.843	102	-2.67267548347176	-1.80724410155479	187
hsa-mir-3943	HECW1-IT1	0.0678	0.899	6	-2.67267548347176	-6.20675587781793	285
hsa-mir-3944	ECHS1	0.355	1.05e-06	179	-1.15779049004163	7.36742071070058	103
hsa-mir-3945	MIR3945HG	0.527	0.0359	16	-5.99742777289075	-2.14707790063185	275
hsa-mir-411	MEG8	0.985	0.11	3	3.3646547828849	-12.382660614975	288
hsa-mir-421	FTX	0.142	0.0186	273	2.51147211795138	2.9727918952017	7
hsa-mir-423	NSRP1	0.133	0.0296	266	7.50818861768121	4.25484483205252	0
hsa-mir-424	MIR503HG	0.407	1.17e-08	182	7.06310677898679	-2.56610884326456	103
hsa-mir-425	DALRD3	0.00456	0.941	266	8.53784247547707	0.936459700853076	3
hsa-mir-4296	CTBP2	0.595	0.405	4	-8.18953555304962	5.59304268221432	287
hsa-mir-4306	CLYBL	-0.23	0.258	26	-5.32648567523904	3.57273151447892	262
hsa-mir-431	AL117190.1	0.278	0.0961	37	3.73440478156432	-7.55322901644953	252
hsa-mir-4315-1	PLEKHM1	0.125	0.714	11	-6.2231205297943	2.99529094737678	280
hsa-mir-432	AL117190.1	0.376	0.0258	35	3.13969524525396	-7.55322901644953	252
hsa-mir-4320	MYO5B	0.472	0.344	6	-7.12174934529242	3.50064926369688	284
hsa-mir-4326	ARFGAP1	0.142	0.027	241	3.16261340566338	5.41221075536992	25
hsa-mir-433	AL117190.1	0.14	0.43	34	0.96824288283132	-7.55322901644953	254
hsa-mir-4420	LAPTM5	-0.352	0.288	11	-5.30642503218957	6.05156934032972	279
hsa-mir-4422	MIR4422HG	-0.591	0.294	5	-4.9218968425905	-7.97877979689454	286
hsa-mir-4426	RPS27AP5	0.012	0.95	30	-4.62648940781088	1.53523208119557	255
hsa-mir-4427	KCNK1	0.129	0.784	7	-6.85735812331949	4.19980555943321	282
hsa-mir-4428	RYR2	-0.753	0.457	3	-8.1804343563658	-2.03285813140881	287
hsa-mir-4434	AFTPH	-0.051	0.595	111	-2.42795547368594	3.82846460855388	174
hsa-mir-4435-1	AC133644.2	-0.0385	0.814	40	-4.54991099411791	0.436094489035684	250
hsa-mir-4435-1	CYTOR	0.123	0.476	36	-4.54991099411791	-2.8831410931627	255
hsa-mir-4435-2	MIR4435-2HG	-0.354	0.0368	35	-4.6217505340194	2.75980855273471	254
hsa-mir-4436b-1	MALL	0.267	0.283	18	-4.30454970377876	6.1415099399338	270
hsa-mir-4436b-2	AC140479.4	0.379	0.148	16	-4.78485378835375	-0.345649738151292	274
hsa-mir-4442	TOP2B	-0.248	0.101	45	-1.26020971669624	-0.929128957082455	245
hsa-mir-4444-1	HNRNPA3	0.029	0.674	212	-1.09404505799241	6.97832050545099	69
hsa-mir-4444-2	AC117481.1	0.591	0.409	4	-0.395891141698844	-8.6385038660314	286
hsa-mir-4446	SIDT1	0.276	0.000302	167	-0.919241563777341	1.78291984243766	121
hsa-mir-4449	DANCR	0.101	0.11	253	1.47960470813425	6.14396258649877	25
hsa-mir-4449	LINC01618	-0.2	0.117	63	1.47960470813425	-6.65748366559501	227
hsa-mir-4451	ARHGAP24	-0.2	0.264	33	-4.15335010525242	-1.18509272158008	253
hsa-mir-4453	MIR4453HG	0.0793	0.294	177	-1.6374683775716	0.619506030305346	110
hsa-mir-4458	MIR4458HG	-0.195	0.675	7	-7.33108084898014	-0.388522795698453	284
hsa-mir-4461	PCBD2	0.044	0.5	238	0.491108861122098	2.8359574210982	40
hsa-mir-4464	AL132996.1	0.384	0.749	3	-7.08616406844268	-7.48082497492733	288
hsa-mir-4467	LRWD1	-0.518	0.234	7	-6.81378769823254	3.60850966156136	282
hsa-mir-4469	RNF170	-0.115	0.375	62	-3.74016640565699	3.51675213540161	227
hsa-mir-4473	MLLT3	0.164	0.0102	246	0.0973756057013671	3.4579680454862	38
hsa-mir-4474	MLLT3	-0.136	0.143	118	-2.81271907038507	3.45545138122836	168
hsa-mir-4476	PAX5	0.855	0.348	3	-6.47351656260919	-0.30950210864955	288
hsa-mir-4479	TRAF2	-0.0502	0.584	121	-2.43715577491466	4.13540046446391	161
hsa-mir-448	HTR2C	-0.053	0.901	8	-7.38108374032656	-4.79737121423754	283
hsa-mir-4480	CAMK1D	-0.532	0.0192	19	-5.22157120801726	2.78451404007614	270
hsa-mir-4489	SIPA1	-0.143	0.642	13	-6.13546796627545	3.50669074090175	276
hsa-mir-4496	AC007569.1	-0.19	0.515	14	-6.3259196142811	-2.30871119376172	276
hsa-mir-4498	GCN1	0.0211	0.928	21	-5.55822828620057	4.60315276118921	266
hsa-mir-449a	CDC20B	0.58	1.57e-05	48	-2.87873262780254	-5.68263997341146	242
hsa-mir-449b	CDC20B	0.0416	0.866	19	-4.66562910285407	-5.68263997341146	272
hsa-mir-449c	CDC20B	0.485	0.131	11	-6.42817225656211	-5.68263997341146	280
hsa-mir-4501	HS6ST3	0.282	0.498	8	-5.77156533258969	-7.91452342184645	283
hsa-mir-4504	L2HGDH	0.525	0.119	10	-7.13220557346349	2.09747683480337	281
hsa-mir-4506	ASB2	0.665	0.149	6	-6.56175904620182	1.18723814282833	284
hsa-mir-4511	DENND4A	-0.0622	0.719	36	-4.42263454738475	1.7087225107456	254
hsa-mir-4512	SNAPC5	-0.111	0.671	17	-5.12879545850013	4.46251310799213	272
hsa-mir-4515	AC024270.1	0.0932	0.811	9	-3.05490926853728	-7.63070499487865	282
hsa-mir-4517	AC009093.11	0.0145	0.975	7	-3.71521939587285	-1.6370255643621	284
hsa-mir-4517	NFATC2IP	0.00187	0.987	74	-3.71521939587285	4.18642173740855	215
hsa-mir-4518	ITGAL	-0.419	0.483	5	-6.96809022454449	1.45872508486052	283
hsa-mir-4519	BCL7C	-0.216	0.042	89	-2.89547688681155	2.05497283809174	197
hsa-mir-451a	AC024267.1	0.057	0.791	24	8.28204948533822	-7.79069159344626	261
hsa-mir-452	GABRE	0.431	7.61e-14	275	7.06392192456755	2.14210305377987	1
hsa-mir-4523	AC068025.2	0.389	0.17	14	-2.84613603706954	-3.55107438034803	274
hsa-mir-4523	TAOK1	-0.086	0.4	98	-2.84613603706954	2.71572503083598	191
hsa-mir-4524a	ABCA6	-0.0269	0.867	41	-3.19371715850076	-1.94524928219317	248
hsa-mir-4525	RAB40B	0.0746	0.478	93	-2.73587735661007	3.91692734194814	193
hsa-mir-4526	LDLRAD4	-0.508	0.0534	15	-6.02790571026188	1.34722145848529	276
hsa-mir-4528	DCC	-0.488	0.512	4	-8.70933385178001	-4.64774293965409	287
hsa-mir-4533	MIR646HG	0.428	0.338	7	-5.17642341379735	-5.57009201154592	283
hsa-mir-454	SKA2	0.0419	0.491	272	2.90860187453085	4.92977873626808	8
hsa-mir-455	COL27A1	0.278	1.93e-06	285	7.55756480596282	1.99416651757608	0
hsa-mir-4632	TNFRSF1B	-0.0646	0.517	103	-2.11405213391477	4.69208272578338	177
hsa-mir-4635	SLC12A7	0.0928	0.723	17	-5.88254722487263	4.82836632077665	273
hsa-mir-4636	SEMA5A	0.365	1.68e-08	225	-0.0902756254444077	2.57131498901278	58
hsa-mir-4637	ANKH	-0.434	0.093	16	-5.61137405296129	4.27873819959657	274
hsa-mir-4639	MYLIP	-0.346	0.098	24	-5.4006569958054	3.57489266272176	266
hsa-mir-4640	DDR1	-0.0826	0.325	144	-2.11491070646638	6.77171847220503	136
hsa-mir-4641	FOXP4	-0.29	0.386	11	-6.34260003416036	5.36623398645717	279
hsa-mir-4642	CDC5L	-0.0655	0.796	18	-6.12397781542866	3.52170596776694	273
hsa-mir-4644	FAM120B	-0.653	0.112	7	-7.53270828398735	3.28075131458702	283
hsa-mir-4645	SERPINB9P1	-0.00113	0.989	166	-1.89936505543827	-0.667703870854874	122
hsa-mir-4646	ABHD16A	-0.164	0.324	38	-3.85438907943296	5.43246141929176	247
hsa-mir-4646	AL662899.1	0.195	0.361	24	-3.85438907943296	-0.929217526950067	265
hsa-mir-4647	SLC35B2	0.0233	0.838	80	-3.3240287695902	5.77607249013607	206
hsa-mir-4648	LFNG	-0.00582	0.962	69	-3.65458999827364	6.03221629845465	219
hsa-mir-4649	AEBP1	0.0113	0.912	99	-2.87625628416826	6.34763827763278	190
hsa-mir-4651	POR	-0.0736	0.684	33	-4.19359024295558	5.86551951354779	251
hsa-mir-4652	GNGT1	0.302	0.000137	155	0.727919364988004	-4.3259005240376	134
hsa-mir-4653	AP1S1	-0.0927	0.585	37	-4.64838149311193	6.97921863814427	251
hsa-mir-4654	NOS1AP	0.0511	0.727	49	-4.28893450898705	0.698652983617462	240
hsa-mir-4655	AC069288.1	0.248	0.635	6	-7.53849606729507	-0.445534020497941	284
hsa-mir-4655	MAD1L1	0.389	0.388	7	-7.53849606729507	3.53467759194592	283
hsa-mir-4657	PURB	-0.069	0.591	63	-3.98674387306776	3.07218073371742	226
hsa-mir-4658	MAP11	0.0772	0.548	63	-3.42948271875271	3.7715209393249	224
hsa-mir-4659a	AGPAT5	0.0577	0.63	72	-3.34475507312486	4.07369965715625	215
hsa-mir-4660	ERI1	0.344	3.72e-06	172	-1.17585264330498	-2.123923228619	118
hsa-mir-4661	LRRC69	0.342	7.59e-09	271	2.40329999398463	-1.93108090659197	12
hsa-mir-4664	FAM83H	0.183	0.00567	228	-0.0854801623845432	5.27863584003917	48
hsa-mir-4666b	IL1RAPL1	0.95	0.203	3	-8.6006324455502	-5.96654270450165	288
hsa-mir-4667	TESK1	-0.374	0.00753	50	-3.96479950739399	4.50887608792367	238
hsa-mir-4668	UGCG	-0.161	0.00898	262	0.488674258367541	3.67720989879578	18
hsa-mir-4669	RXRA	0.052	0.814	23	-4.34603165611116	4.01031528236033	262
hsa-mir-4670	ECM2	-0.629	0.0285	12	-6.75855207636597	1.08424006821107	279
hsa-mir-4672	AK1	-0.0431	0.845	23	-5.62767971837974	6.32967600909963	267
hsa-mir-4672	AL157935.2	-0.232	0.276	24	-5.62767971837974	0.920690816192004	267
hsa-mir-4673	NOTCH1	0.0959	0.578	36	-5.04394408357845	4.04353585823826	251
hsa-mir-4676	MCU	0.301	6.5e-07	263	0.182285493510583	4.3042929463355	23
hsa-mir-4677	SDCCAG8	0.105	0.0837	271	2.6712794456717	2.51099437020076	7
hsa-mir-4680	PDCD4	-0.0593	0.609	77	-3.20648501745902	5.8991979421019	206
hsa-mir-4681	GRK5	0.949	0.0508	4	-8.02003758682375	1.81477146353067	287
hsa-mir-4683	FZD8	-0.267	0.0131	86	-3.15152172455646	1.62812991698826	201
hsa-mir-4684	EPHB2	0.347	6.16e-07	196	-0.877209940080277	5.87940252139532	87
hsa-mir-4685	HPS1	0.151	0.0567	159	-1.40911178414914	4.97222979412703	113
hsa-mir-4687	STIM1	-0.106	0.252	119	-2.26824767722391	3.92365440210852	164
hsa-mir-4688	DGKZ	-0.302	0.561	6	-7.76968564733084	5.27320141825847	283
hsa-mir-4690	PCNX3	0.0549	0.652	70	-3.69330658169874	4.28111794081989	217
hsa-mir-4691	NDUFS8	0.0996	0.457	58	-3.7397149846766	7.06763718144794	227
hsa-mir-4695	ALDH4A1	-0.0671	0.844	11	-6.6179900646655	4.09059436629712	278
hsa-mir-4696	CHRDL2	-0.419	0.0415	24	-5.66682672344151	3.25312718324913	267
hsa-mir-4697	IGSF9B	-0.11	0.609	24	-5.38341720861384	-0.934496799612797	267
hsa-mir-4699	ACSS3	-0.473	0.064	16	-6.16377055171841	-0.451913824070226	272
hsa-mir-4700	UNC119B	-0.0576	0.648	65	-3.5205570337729	3.4256927377715	225
hsa-mir-4701	ADCY6	0.0553	0.731	41	-4.34187167888244	4.09865803315401	248
hsa-mir-4705	FGF14	0.235	0.488	11	-6.75565629159314	-3.97504022049983	280
hsa-mir-4706	CHURC1-FNTB	-0.705	0.183	5	-6.99245642513931	-1.1646711854064	286
hsa-mir-4706	FNTB	-0.331	0.351	10	-6.99245642513931	3.20728685782197	281
hsa-mir-4707	AL132780.3	0.152	0.0634	149	-1.17558905690755	2.78301140806414	139
hsa-mir-4707	HAUS4	0.115	0.129	177	-1.17558905690755	4.88159640170289	106
hsa-mir-4709	NPC2	0.0994	0.165	197	-1.1808074984789	7.67546802466664	85
hsa-mir-4712	GABPB1-AS1	-0.214	0.482	13	-6.76796968160447	1.86527667274599	278
hsa-mir-4713	MIR4713HG	-0.0463	0.642	103	-2.25146636256692	-2.46139880223669	185
hsa-mir-4714	IGF1R	-0.0898	0.325	122	-2.74227607867848	2.50628057095755	169
hsa-mir-4715	ATP10A	-0.432	0.0572	20	-5.99800718573638	-0.162162134547583	271
hsa-mir-4720	GAN	-0.31	0.55	6	-7.31339044186456	0.86436762662862	285
hsa-mir-4721	TUFM	0.585	0.0281	14	-5.48565621706115	7.8003655084903	276
hsa-mir-4722	PIEZO1	-0.381	0.145	16	-5.8351842500683	5.58749691312202	273
hsa-mir-4723	AC002094.1	-0.205	0.66	7	-4.31022245702157	-4.85779492921266	284
hsa-mir-4723	TMEM199	-0.306	0.0697	36	-4.31022245702157	3.67728590833266	249
hsa-mir-4724	RAB11FIP4	0.232	0.00049	222	-0.131107132266956	3.09964415980845	57
hsa-mir-4726	MLLT6	-0.0546	0.534	132	-2.35599914421831	5.07735381781416	153
hsa-mir-4728	ERBB2	0.0543	0.405	238	0.596621964373195	6.10225017928305	27
hsa-mir-4729	YPEL2	0.558	0.0476	13	-5.71579062338341	2.42361994455419	276
hsa-mir-4730	ENDOV	0.343	0.366	9	-6.79419060041426	2.13605650103933	280
hsa-mir-4731	PMP22	-0.232	0.312	21	-4.91519956209145	5.29547064329098	266
hsa-mir-4732	AC024267.1	-0.73	0.0107	11	-1.23764224661364	-7.79069159344626	275
hsa-mir-4733	AC138207.2	0.112	0.247	108	-2.34826016809432	-2.16385925793398	181
hsa-mir-4735	KCNT2	-0.466	0.351	6	-6.78551007950545	-3.58787915554307	282
hsa-mir-4737	HEATR6	0.552	0.199	7	-6.96417764054464	1.01426263472757	283
hsa-mir-4738	H3-3B	-0.173	0.0531	126	-2.29847510611765	-2.80553614142321	151
hsa-mir-4741	RBBP8	0.0153	0.867	122	-2.41451141639945	3.13117356747516	165
hsa-mir-4742	WDR26	-0.153	0.0347	191	-1.26718982536208	4.42524874363687	95
hsa-mir-4743	CTIF	-0.162	0.271	48	-4.7050173613338	2.31275050400637	242
hsa-mir-4744	DYM	0.0742	0.736	23	-5.67738538133993	3.79860543259281	266
hsa-mir-4745	PTBP1	-0.0558	0.554	115	-2.19642152853437	7.2875950411021	171
hsa-mir-4747	UHRF1	0.313	0.156	22	-5.52082856271158	3.94989535750654	268
hsa-mir-4748	DNM2	0.0249	0.904	26	-5.46390984557753	6.43347762286049	264
hsa-mir-4749	PTOV1	-0.0429	0.725	70	-3.25661840264456	5.93810214844093	212
hsa-mir-4750	TBC1D17	-0.531	0.0418	15	-5.67863698902563	4.14039239921282	273
hsa-mir-4751	ATF5	-0.0243	0.91	24	-4.92629988736722	4.7693406404256	263
hsa-mir-4753	ARID4B	-0.103	0.381	75	-3.50906686229302	3.01109259114481	211
hsa-mir-4755	RALY	-0.00473	0.957	131	-2.20919513269529	7.92479227537504	151
hsa-mir-4756	BCAS1	0.34	0.00451	68	-3.22551311268127	3.98878389356062	221
hsa-mir-4758	LAMA5	0.139	0.215	81	-3.10702782929002	3.03903247344555	208
hsa-mir-4761	COMT	-0.506	0.247	7	-7.07446465644287	7.09573251840911	282
hsa-mir-4762	ATXN10	0.00859	0.918	147	-2.01786540453953	5.60745727366582	131
hsa-mir-4763	MIRLET7BHG	0.267	0.043	58	-3.64974214291747	-2.19721585634097	233
hsa-mir-4764	LARGE1	-0.54	0.133	9	-7.12015939017383	2.91662665906137	281
hsa-mir-4765	TTC27	-0.353	0.492	6	-7.94558851719019	3.31766199156689	285
hsa-mir-4766	SLC25A17	0.19	0.0121	174	-1.27515490097641	3.72685246278139	108
hsa-mir-4767	STS	0.104	0.62	25	-4.75807950578533	1.95431385397856	261
hsa-mir-4768	NHS	0.0784	0.45	95	-2.7976960114337	-1.08717953132421	192
hsa-mir-4771-2	ANAPC1	0.169	0.278	43	-4.44142446494454	3.5292551057933	247
hsa-mir-4772	IL18RAP	0.617	8.23e-31	281	3.16306752924539	-1.27635485788126	4
hsa-mir-4773-1	TNFAIP6	-0.167	0.303	40	-4.52749955113528	2.25410228834947	246
hsa-mir-4774	CERS6	0.435	0.0813	17	-5.88981475854131	4.62773074619985	273
hsa-mir-4775	CCNYL1	0.109	0.268	105	-2.95771817003841	2.89238322108022	183
hsa-mir-4777	ARMC9	-0.249	0.00379	133	-2.36587167247206	0.202897654105716	153
hsa-mir-4779	IMMT	0.036	0.856	28	-4.90564461554565	5.50519064676951	261
hsa-mir-4781	TCEANC2	0.00322	0.968	155	-2.0810957589904	1.00550266990966	127
hsa-mir-4782	SLC35F5	-0.0426	0.7	84	-3.16475691262757	4.27919940190784	200
hsa-mir-4784	MZT2A	0.158	0.0305	188	-0.289773081519823	6.99594595529962	87
hsa-mir-4785	RBMS1	-0.217	0.0776	67	-3.70536298433746	1.41558672874457	222
hsa-mir-4786	NDUFA10	0.179	0.0217	164	0.0437239931765371	-3.37078210165012	125
hsa-mir-4787	DOCK3	0.0346	0.668	156	-1.40952538633531	-3.25398915527713	120
hsa-mir-4789	NAALADL2	0.0244	0.845	67	-3.35469588799439	1.43871010094345	222
hsa-mir-4793	CELSR3	0.0159	0.912	50	-4.01547982754818	0.599089026922484	239
hsa-mir-4794	CACHD1	0.0359	0.862	26	-5.35889662292255	0.93365717909944	265
hsa-mir-4796	ZBTB20	-0.153	0.166	83	-3.49003681618916	-0.748699808452308	204
hsa-mir-4797	DLG1	0.0218	0.746	222	-0.864363343841174	3.90322539083745	67
hsa-mir-4798	SORCS2	-0.71	0.497	3	-8.13803369209898	-2.13588149224842	288
hsa-mir-4799	ARHGAP10	-0.316	0.142	23	-4.36964577195917	1.34709578836296	267
hsa-mir-4800	MXD4	-0.103	0.459	54	-3.3939809834524	4.14815530423282	232
hsa-mir-4802	RBM47	0.0314	0.746	109	-2.61347056544634	5.29900007136075	178
hsa-mir-4804	TNPO1	0.146	0.3	52	-4.44321130051961	4.30304072451569	237
hsa-mir-483	AC132217.2	0.466	0.069	16	6.11134395051659	-6.96983484123809	273
hsa-mir-483	IGF2	0.366	5.49e-09	239	6.11134395051659	7.81087014587685	17
hsa-mir-483	INS-IGF2	-0.438	0.711	3	6.11134395051659	-12.4457046884081	288
hsa-mir-484	NDE1	0.209	0.0463	91	5.94286765778424	-5.65834674547088	193
hsa-mir-486-1	ANK1	0.0978	0.106	275	6.74132828603756	-0.375619621865772	1
hsa-mir-487b	MIR381HG	0.416	0.485	5	2.39984647723221	-9.29080186273777	286
hsa-mir-488	ASTN1	-0.488	0.0134	25	-4.40991638227119	-4.5723538121945	261
hsa-mir-489	CALCR	0.222	0.0332	92	-2.06350606904119	-4.03819698833021	197
hsa-mir-490	CHRM2	0.841	3.56e-47	172	2.79361188440812	-1.35706614795439	119
hsa-mir-491	FOCAD	0.0128	0.833	272	1.40325883591253	2.60473812979418	0
hsa-mir-493	AL117190.1	0.238	0.162	36	3.89744808431597	-7.55322901644953	252
hsa-mir-494	MEG8	-0.887	0.306	3	0.856030111705722	-12.382660614975	288
hsa-mir-495	MEG8	-0.966	0.168	3	2.71524955478884	-12.382660614975	288
hsa-mir-497	AC040977.2	0.379	0.133	17	3.60786190901075	-4.68648697905139	272
hsa-mir-497	MIR497HG	0.365	3.3e-10	278	3.60786190901075	0.112721008876718	0
hsa-mir-4999	RAB11B-AS1	0.0623	0.349	228	-0.270873955874857	1.82342468308078	50
hsa-mir-499a	MYH7B	0.482	1.98e-13	207	0.346004771964535	-0.43469889710076	71
hsa-mir-5001	TIGD1	-0.0378	0.551	251	-0.204845528540513	0.181170612506794	30
hsa-mir-5002	KALRN	-0.14	0.252	69	-3.87905843554949	-0.93511386855394	220
hsa-mir-5003	NEURL1B	0.0142	0.848	184	-1.37066644639926	3.4734112205249	102
hsa-mir-5004	SYNGAP1	0.318	0.539	6	-6.68951684840656	1.98613729723941	283
hsa-mir-5006	VWA8	-0.0744	0.575	59	-3.85252443991721	2.66568152591087	232
hsa-mir-5008	WNT9A	0.161	0.498	20	-4.83586880194788	-0.462792106919364	268
hsa-mir-5009	AP3S2	0.159	0.247	55	-4.2310796919869	3.86599710215935	234
hsa-mir-5009	ARPIN-AP3S2	0.228	0.0974	54	-4.2310796919869	3.7856101013307	234
hsa-mir-500a	CLCN5	0.514	1.23e-20	285	8.61872947923137	1.66626502449492	0
hsa-mir-500b	CLCN5	0.462	3.65e-16	279	3.21891682333724	1.66626502449492	1
hsa-mir-501	CLCN5	0.349	1.57e-09	284	6.03172497441687	1.66626502449492	0
hsa-mir-5010	ATP6V0A1	-0.0503	0.426	252	0.0626180296040986	4.55455041305247	25
hsa-mir-502	CLCN5	0.395	6.53e-12	280	3.62000363953496	1.66626502449492	0
hsa-mir-503	MIR503HG	0.504	6.65e-19	272	3.09036943323831	-0.137099201915668	12
hsa-mir-504	FGF13	0.369	2.91e-07	182	0.843062588827678	0.842567153507315	91
hsa-mir-5047	DDX5	0.467	0.533	4	-7.9219924280072	7.71777002552648	287
hsa-mir-505	ATP11C	-0.0195	0.746	279	5.94215513588675	-1.15767901727198	2
hsa-mir-5087	LINC01138	-0.341	0.0758	28	-4.91398838747886	-2.55142986261386	261
hsa-mir-5088	PRMT1	0.102	0.543	38	-4.81347748568324	7.19673300557834	250
hsa-mir-5089	AC005670.2	-0.0222	0.951	10	-5.91351032821768	0.00116772852729053	281
hsa-mir-5090	LRWD1	-0.000454	0.996	137	-1.77445185763023	3.77789792513169	145
hsa-mir-5092	SLC12A8	-0.00743	0.923	170	-1.43476631063319	2.66713305115294	114
hsa-mir-5094	AP3S2	0.141	0.386	40	-4.36241092001867	4.00399616390639	250
hsa-mir-5094	ARPIN-AP3S2	0.039	0.813	39	-4.36241092001867	3.7856101013307	250
hsa-mir-511	MRC1	0.508	4.59e-20	284	2.88096566919937	2.12878708089892	0
hsa-mir-5187	TOMM40L	0.114	0.108	201	-0.967604565308968	2.99937070458056	79
hsa-mir-5189	ZFPM1	0.291	0.168	24	-5.09709039230298	2.03516524094229	262
hsa-mir-5191	NAV1	-0.187	0.764	5	-7.9088742514453	-0.0161645445222501	285
hsa-mir-5192	B3GNT2	0.201	0.871	3	-7.73196262398343	3.33272111741144	287
hsa-mir-5193	UBA7	0.1	0.361	85	-3.03243403879386	3.95661187128387	202
hsa-mir-5194	CYRIB	-0.466	0.292	7	-7.13802182099973	4.97462793420991	283
hsa-mir-5196	CD22	0.0523	0.911	7	-5.97618080044675	1.19580982577107	283
hsa-mir-519a-2	AC011453.1	-0.663	0.337	4	-2.10391107549994	-10.7168488807102	286
hsa-mir-532	CLCN5	0.551	8.29e-24	282	10.55481205915	1.66626502449492	0
hsa-mir-539	MIR381HG	-0.4	0.505	5	2.7832258656133	-9.29080186273777	286
hsa-mir-543	MEG8	0.199	0.872	3	0.7819212170709	-12.382660614975	288
hsa-mir-544a	MIR381HG	-0.198	0.873	3	-4.46101604199343	-9.29080186273777	288
hsa-mir-544b	UMPS	-0.199	0.341	25	-5.06569930647248	4.32579606039483	264
hsa-mir-545	FTX	0.0602	0.378	216	-0.950984445804582	3.11552326851745	69
hsa-mir-548ag-2	MIR646HG	0.889	0.0178	6	-4.20449745744523	-8.95932399496231	285
hsa-mir-548ah	SHROOM3	-0.345	0.329	10	-6.66108157065622	3.52166628984158	279
hsa-mir-548al	AP001085.1	0.571	0.0415	13	-5.63854609814442	-4.87970457960413	278
hsa-mir-548ao	SFRP1	0.977	0.136	3	-8.56866258146053	0.823612957879687	286
hsa-mir-548aq	IGF2BP2	-0.0768	0.633	41	-4.36443493166759	4.35376111949872	249
hsa-mir-548ar	CDC16	0.0166	0.92	39	-4.72914018119476	5.31438649851622	252
hsa-mir-548at	ATP6V0A1	-0.0208	0.883	53	-4.27578496877821	3.75098082341706	237
hsa-mir-548au	PHF2	-0.0959	0.258	141	-1.97729684644918	3.63684813548267	136
hsa-mir-548aw	GFI1B	-0.212	0.0932	64	-3.05993373798518	-4.68013509104124	227
hsa-mir-548ax	ARHGAP6	-0.532	0.114	10	-6.89135653538167	0.833053953872782	281
hsa-mir-548b	FAM184A	0.198	0.0203	137	-1.81558496674437	-2.10083795877312	154
hsa-mir-548ba	AC009975.1	0.257	0.11	40	-3.97358125939634	-1.98510595801203	249
hsa-mir-548d-1	ATAD2	-0.0214	0.806	134	-2.39050540958014	3.67189712966257	156
hsa-mir-548e	SHOC2	0.0148	0.823	231	-0.809113119926162	3.79032963404341	57
hsa-mir-548f-1	PCDH15	0.0336	0.8	59	0.280271096941876	-7.61322765407313	232
hsa-mir-548j	TPST2	-0.114	0.116	193	-1.3168930238228	3.82007040455615	89
hsa-mir-548k	PPFIA1	-0.19	0.0293	132	-2.31909531279496	3.66304095808874	153
hsa-mir-548l	MRE11	0.0309	0.778	86	-3.25892808061883	3.05303074924079	194
hsa-mir-548n	DPY19L1	0.0421	0.724	73	-3.77487215509016	3.78331641657989	217
hsa-mir-548o-2	RALGAPB	0.0129	0.85	216	-1.26225127963344	3.64523555888421	72
hsa-mir-548p	ST8SIA4	-0.389	0.745	3	-8.47307915370158	0.452527524908663	288
hsa-mir-548s	LPIN1	0.24	0.000834	190	-1.46000704644835	3.23947022742853	97
hsa-mir-548t	GALNT7	0.137	0.103	142	-2.0010172652129	4.7993441699469	146
hsa-mir-548u	PRIM2	-0.221	0.634	7	-7.09966350326938	3.40858547717844	284
hsa-mir-548v	MTUS1	0.205	0.00203	225	-0.222288789812219	4.20057192801846	60
hsa-mir-548x	MIR548XHG	-0.511	0.659	3	-6.69598659786796	-4.08945570136677	287
hsa-mir-550a-1	ZNRF2	0.155	0.00892	282	2.08391749142206	3.60500695931993	1
hsa-mir-551a	MEGF6	-0.0373	0.633	166	-1.01749877740133	1.64571106378811	124
hsa-mir-552	AC099565.1	0.437	1.69e-11	216	7.76609664344311	-3.35505454594132	62
hsa-mir-555	ASH1L	0.0312	0.888	23	-4.43640541511659	2.46987325171502	263
hsa-mir-556	NOS1AP	-0.201	0.00174	241	0.186657353194913	0.698652983617462	43
hsa-mir-5572	ARNT2	-0.398	0.602	4	-7.9389014977236	0.534517503198693	287
hsa-mir-5579	TENM4	-0.00279	0.98	86	-3.4051288870177	-1.01892798001534	205
hsa-mir-558	BIRC6	-0.262	0.831	3	-7.49178497893483	4.05295226508167	288
hsa-mir-5581	MEAF6	-0.175	0.0237	167	-1.80601292037517	5.57225901258205	114
hsa-mir-5582	CKAP5	-0.0946	0.375	90	-2.97750150203386	5.13030105107468	196
hsa-mir-5583-2	MIR924HG	0.973	0.0272	4	-7.9289722219449	0.443752247841259	286
hsa-mir-5584	RNF220	0.164	0.756	6	-7.43963370744404	-2.56910221227419	283
hsa-mir-5585	TMEM39B	0.0349	0.894	17	-6.08232436796124	3.44530510403504	272
hsa-mir-5586	RTN1	0.397	3.1e-11	259	0.520129648437733	-0.271802742172022	28
hsa-mir-5587	CAPN15	0.121	0.724	11	-6.27319909873918	4.34608854879382	278
hsa-mir-5588	EHHADH	0.0226	0.816	109	-2.72150461462277	2.80401663757416	174
hsa-mir-559	EPCAM	0.22	0.0011	217	-0.483766168471752	10.0201475970199	65
hsa-mir-561	GULP1	0.183	0.0122	187	-1.10634921103146	2.03184893289272	98
hsa-mir-564	KIF15	0.0851	0.622	36	-4.17140718727026	1.05377081982947	253
hsa-mir-564	TMEM42	-0.0956	0.492	54	-4.17140718727026	3.4368059309654	234
hsa-mir-567	C3orf52	0.0257	0.944	10	-6.50621070208261	3.45130746936787	281
hsa-mir-5682	STXBP5L	0.603	0.0497	11	-6.04552373062798	-4.2313503676586	280
hsa-mir-5687	PLPP1	-0.29	0.0034	100	-3.21357537782746	4.77138541336356	184
hsa-mir-5690	FKBP5	0.231	0.00512	145	-2.10079321467152	4.15337017805418	142
hsa-mir-5691	SCUBE2	-0.343	0.275	12	-6.61758594281312	0.651087525985249	277
hsa-mir-5692c-2	AC079781.5	0.802	0.407	3	-8.66829331805096	0.00975134303637713	288
hsa-mir-5697	NMNAT1	0.0899	0.643	29	-5.17248688346111	2.52839152563096	259
hsa-mir-5698	NUP210L	0.289	0.00354	100	-0.772724702779447	-7.28740487906912	187
hsa-mir-5699	DIP2C	-0.0207	0.762	217	-0.548227922163376	-0.591905440234952	72
hsa-mir-570	MUC20-OT1	0.29	4.2e-06	243	-0.107799202630917	2.06063471408469	46
hsa-mir-5703	AGFG1	-0.0888	0.168	243	-0.230944408102866	2.2860872988213	37
hsa-mir-5706	DMXL1	-0.0362	0.605	206	-1.19904221576191	1.02396955964344	75
hsa-mir-573	DHX15	0.0468	0.611	121	-1.22513533301338	-1.61940984640183	169
hsa-mir-574	FAM114A1	0.327	3.23e-08	272	6.47392425754186	4.13730142383927	0
hsa-mir-576	SEC24B	-0.0894	0.135	281	3.29131981841358	3.4879177762108	0
hsa-mir-577	UGT8	0.416	8.79e-13	271	5.68172544619831	4.41415889939858	5
hsa-mir-578	CPE	0.0197	0.918	30	-5.10756944110841	4.06526197038709	258
hsa-mir-579	ZFR	-0.142	0.0354	221	-0.747091350659925	4.46216084255823	67
hsa-mir-580	LMBRD2	0.0612	0.365	221	-0.513029500807192	1.72213846411487	56
hsa-mir-581	ARL15	0.0957	0.181	197	-0.949877252187967	2.97619865156362	84
hsa-mir-582	PDE4D	0.245	5.48e-05	265	8.3486934468893	-0.567109407448106	0
hsa-mir-584	SH3TC2	0.627	2.73e-31	273	8.38125882161449	0.843371774777846	1
hsa-mir-585	SLIT3	0.0564	0.496	148	-2.0088873694205	1.45495165019704	141
hsa-mir-586	SUPT3H	0.931	0.237	3	-8.34464658491954	2.09036742387373	287
hsa-mir-589	FBXL18	0.0427	0.485	270	6.0434112827413	1.41229126043564	0
hsa-mir-590	EIF4H	-0.0374	0.55	258	4.23932277094939	7.64403257632272	9
hsa-mir-591	SLC25A13	0.425	0.721	3	-7.68196838941222	4.02219832091864	286
hsa-mir-592	GRM8	0.832	1.85e-71	274	4.95665743493377	2.08443725070814	17
hsa-mir-596	AC019257.8	0.352	0.181	16	-5.08427910134738	-2.69679752110122	274
hsa-mir-597	TNKS	-0.0931	0.443	70	-3.55473632396604	2.36168105083894	216
hsa-mir-598	XKR6	0.684	2.27e-33	232	4.04920591552652	-3.03160803787158	53
hsa-mir-600	MIR600HG	-0.124	0.313	68	-3.45746667309844	-0.135726555904159	220
hsa-mir-600	STRBP	0.2	0.198	43	-3.45746667309844	-1.83928675582765	246
hsa-mir-601	DENND1A	0.511	0.489	4	-7.9624590142521	4.27896881752195	287
hsa-mir-602	EHMT1	-0.903	0.283	3	-8.64349333067883	-5.92413484152394	288
hsa-mir-603	KIAA1217	0.234	0.766	4	-7.77609066972929	1.92975841566464	286
hsa-mir-604	SVIL	-0.944	0.0158	5	-7.32909050689859	3.7454374106681	286
hsa-mir-605	PRKG1	0.0726	0.294	211	-0.385415511789981	0.73536008515574	72
hsa-mir-6073	SOX6	-0.134	0.532	24	-5.24738122712314	-1.14664389852489	265
hsa-mir-6084	PINK1	-0.231	0.188	34	-4.29824628359148	4.36387568539617	255
hsa-mir-611	TMEM258	-0.415	0.0106	37	-4.29073704284292	7.67095195773492	249
hsa-mir-612	NEAT1	0.0641	0.524	101	-2.35046077561958	3.69545596873317	181
hsa-mir-6125	USP15	0.201	0.00553	189	-0.812631754705032	3.26424110874995	94
hsa-mir-6132	AC106873.8	-0.113	0.617	22	-3.53982688337414	-3.65579748198099	265
hsa-mir-6132	ST7	-0.305	0.0212	57	-3.53982688337414	3.96526237372036	228
hsa-mir-6132	ST7-OT4	0.0387	0.828	34	-3.53982688337414	-2.92709348140448	253
hsa-mir-614	GPRC5A	-0.0777	0.454	95	-2.4386663747072	6.28347299158345	190
hsa-mir-615	AC012531.2	0.552	4.85e-14	159	1.24665996105895	-1.82510988448162	130
hsa-mir-615	AC012531.3	0.705	0.0104	12	1.24665996105895	-6.93639697699885	279
hsa-mir-615	HOXC4	0.563	4.18e-10	105	1.24665996105895	-2.8053002974876	184
hsa-mir-615	HOXC5	0.441	1.17e-06	112	1.24665996105895	-3.66196092586832	176
hsa-mir-616	AC022506.1	-0.156	0.802	5	1.6819131431981	-4.18350011834453	285
hsa-mir-616	DDIT3	0.103	0.0902	272	1.6819131431981	4.99872361176097	7
hsa-mir-617	LIN7A	-0.451	0.549	4	-8.63645450162894	0.45588419292526	287
hsa-mir-618	LIN7A	0.345	7.32e-07	196	-0.547297517404764	0.457625978283479	92
hsa-mir-621	SLC25A15	-0.104	0.69	17	-6.22572764645236	3.39634725925298	272
hsa-mir-623	UBAC2	-0.0139	0.979	6	-6.61995288221483	6.09089775287632	283
hsa-mir-624	STRN3	0.0394	0.52	268	0.369584673419316	2.82730385679234	14
hsa-mir-625	FUT8	0.595	7.76e-29	287	9.00056107235516	4.38381500260939	0
hsa-mir-627	VPS39	-0.18	0.00327	266	1.04611915844184	3.72807999660652	10
hsa-mir-628	CCPG1	0.13	0.0362	261	3.00732931773614	4.36040653042756	5
hsa-mir-628	DNAAF4-CCPG1	0.117	0.233	105	3.00732931773614	-2.21104338682302	176
hsa-mir-629	TLE3	0.0597	0.325	274	6.90814713610858	3.99454020347081	0
hsa-mir-630	ARIH1	0.21	0.652	7	-7.43124342477586	0.105955996472108	284
hsa-mir-632	AC005899.4	-0.529	0.645	3	-0.843333080923605	-8.67857198327177	288
hsa-mir-632	ZNF207	-0.0316	0.649	210	-0.843333080923605	6.30565560141313	73
hsa-mir-635	WIPI1	0.408	0.423	6	-7.06246501636494	4.74787613057135	285
hsa-mir-636	SRSF2	-0.0315	0.711	141	-2.11434248258798	6.87163830191214	145
hsa-mir-638	DNM2	-0.512	0.195	8	-7.2286008153778	6.37853552114851	283
hsa-mir-639	TECR	0.00573	0.931	230	-0.43342775681517	7.54589351312269	46
hsa-mir-640	GATAD2A	0.927	0.245	3	-8.56181946424445	3.75367168771555	288
hsa-mir-641	AKT2	-0.143	0.0779	152	-2.01325090627392	4.61153182335056	134
hsa-mir-642a	GIPR	0.465	1.06e-15	266	2.42278212033466	-0.413265193878704	11
hsa-mir-643	ZNF766	-0.012	0.853	241	-0.452920267727387	2.74923220837137	43
hsa-mir-647	UCKL1	-0.756	0.0302	8	-7.07570604103922	4.97470566500177	283
hsa-mir-6499	FAT2	-0.158	0.765	6	-6.40423642247092	-4.1411525389342	284
hsa-mir-650	IGLV2-8	0.0197	0.954	11	-6.54261138177894	6.31825819776872	280
hsa-mir-6501	SON	0.0155	0.851	148	-1.81888484675713	5.08604869964858	137
hsa-mir-6502	IRAK3	-0.0326	0.718	125	-2.39963753104458	0.10948773785651	158
hsa-mir-6503	MS4A4E	0.115	0.146	161	-1.90739395344488	-3.28569357228433	128
hsa-mir-6504	CMIP	0.0285	0.914	17	-5.78159916623718	5.0765253630585	271
hsa-mir-6505	PFKM	0.0947	0.541	44	-4.49036227636592	4.70864245141235	245
hsa-mir-6506	MARF1	-0.17	0.215	55	-4.12359899183064	3.06554277818594	235
hsa-mir-6507	HPSE2	0.325	0.0021	87	-2.10733990309428	-3.00603531778372	198
hsa-mir-6508	GET1-SH3BGR	-0.205	0.229	36	-4.70393724942613	-1.37284402818676	254
hsa-mir-6508	SH3BGR	0.197	0.235	38	-4.70393724942613	1.00515271549349	249
hsa-mir-6509	WDR91	-0.000343	0.996	237	-0.418574958075883	1.32996113887583	49
hsa-mir-651	AC079142.1	0.417	2.02e-12	262	1.77833471076177	-1.6256738875309	16
hsa-mir-6510	KRT15	0.135	0.095	154	-1.65093813221637	2.64761327253088	133
hsa-mir-6511b-1	PKD1	0.00405	0.951	237	0.575532263444076	2.26481168946861	36
hsa-mir-6512	AC019080.1	0.0458	0.907	9	-6.64803812828751	-1.53478917361475	281
hsa-mir-6512	NFE2L2	0.00741	0.985	9	-6.64803812828751	-1.81025014617415	282
hsa-mir-6513	TMBIM1	0.0183	0.852	106	-2.93451142955517	7.42851315737246	179
hsa-mir-6514	NXF1	-0.12	0.114	175	-1.63509954481924	5.0881721394859	106
hsa-mir-6515	CALR	-0.0909	0.317	123	-2.58429339413988	9.37386995392145	162
hsa-mir-6516	SCARNA16	0.612	9.33e-05	35	-1.01795673202685	3.494053021266	254
hsa-mir-6516	SEC14L1	-0.0345	0.767	76	-1.01795673202685	-4.58579742315289	212
hsa-mir-6516	SNHG20	0.215	0.00171	210	-1.01795673202685	2.69587199431017	80
hsa-mir-652	TMEM164	0.271	5.72e-06	273	5.15202306110792	4.318391701385	0
hsa-mir-653	CALCR	0.567	3.46e-20	221	2.45901614287053	-4.03819698833021	67
hsa-mir-655	MIR381HG	0.678	0.322	4	1.13130267769597	-9.29080186273777	286
hsa-mir-657	AATK	0.52	0.0834	12	-6.15973276786477	0.857928011568213	277
hsa-mir-658	ANKRD54	0.07	0.379	160	-1.45694202664002	3.30671332125906	116
hsa-mir-659	ANKRD54	-0.0407	0.749	64	0.166910560364225	-5.42073835385462	225
hsa-mir-660	CLCN5	0.469	2.04e-16	275	5.95013058665843	1.66626502449492	0
hsa-mir-661	PLEC	-0.371	0.629	4	-8.04796344541679	5.27680921404507	286
hsa-mir-664a	RAB3GAP2	0.0243	0.686	279	4.40476874763088	2.72861234821178	0
hsa-mir-664a	SNORA36B	0.838	0.367	3	4.40476874763088	-2.01473864150182	287
hsa-mir-664b	DKC1	0.0124	0.842	260	1.77658161559309	6.33694240834785	5
hsa-mir-664b	SNORA36A	0.3	0.4	10	1.77658161559309	-0.62014607082889	278
hsa-mir-665	AL117190.1	-0.0233	0.922	20	-1.80113582146091	-7.55322901644953	269
hsa-mir-671	CHPF2	0.0258	0.676	266	3.12720503353712	4.59240152767172	0
hsa-mir-6715a	TECTB	0.272	0.0327	62	-2.31366308553097	-5.94197746912008	227
hsa-mir-6716	PHLDB1	0.069	0.293	234	-0.747219026274787	4.05582511419063	50
hsa-mir-6717	NDRG2	0.371	0.00619	53	-4.0187080816006	5.5223473192556	235
hsa-mir-6718	DLGAP1-AS3	0.243	0.197	30	-0.310967021826113	-7.5303829752961	254
hsa-mir-6721	AGPAT1	-0.129	0.427	40	-4.24368065081273	5.42926166321232	249
hsa-mir-6726	ACAP3	0.0687	0.532	85	-2.46124535833235	3.32736172061134	195
hsa-mir-6727	INTS11	0.122	0.392	51	-3.68203933902418	5.4764971842271	231
hsa-mir-6728	ENO1	0.322	0.000768	106	-2.59578093505763	9.93418800614364	179
hsa-mir-6729	MIIP	-0.166	0.473	21	-5.31123575076856	4.45461926935205	266
hsa-mir-6730	DHRS3	0.137	0.169	102	-2.40516659711077	5.37628625838725	181
hsa-mir-6731	RUNX3	-0.0973	0.37	87	-3.14152825679229	2.23090678648171	199
hsa-mir-6732	ZC3H12A	0.285	0.15	27	-4.78075766271487	4.36955201069225	263
hsa-mir-6733	EBNA1BP2	0.13	0.0618	208	-1.34695404427304	6.22764405545962	77
hsa-mir-6734	ELOVL1	0.114	0.164	151	-1.91273884102376	6.67005595770926	131
hsa-mir-6735	SZT2	0.0244	0.826	84	-3.07641566250078	2.71821939589326	195
hsa-mir-6736	PIAS3	-0.0088	0.977	13	-4.78142245477119	3.00739295540306	269
hsa-mir-6737	AL358472.7	-0.165	0.179	68	-3.45043711033844	-1.72711058975003	221
hsa-mir-6737	SLC39A1	-0.245	0.0356	74	-3.45043711033844	6.19507146276271	209
hsa-mir-6738	ARHGEF2	-0.0528	0.825	20	-4.39031828131526	4.80029699835262	264
hsa-mir-6739	IPO9	0.104	0.538	37	-4.71017181258068	2.92530852669692	252
hsa-mir-6740	RNPEP	0.0701	0.632	49	-3.97741067924064	5.95528231311185	240
hsa-mir-6741	AL117348.2	0.119	0.779	8	-3.65542561022103	-6.6487279243651	282
hsa-mir-6741	PYCR2	-0.0152	0.918	48	-3.65542561022103	5.70117038444808	233
hsa-mir-6742	TRIM11	0.198	0.202	43	-4.51483462390897	4.16309902367654	244
hsa-mir-6743	RIC8A	-0.073	0.672	36	-4.1742293981957	5.35235814614157	249
hsa-mir-6744	MUC5B	0.372	0.00068	80	-2.1797923606918	5.01016211164421	210
hsa-mir-6746	FADS3	-0.284	0.104	34	-4.39015953115013	3.27966872632249	252
hsa-mir-6747	AP002990.1	-0.198	0.0388	109	-2.70421983463591	1.4647262333817	176
hsa-mir-6747	EEF1G	-0.0429	0.66	108	-2.70421983463591	11.0905759761295	175
hsa-mir-6748	TMEM179B	-0.145	0.2	80	-3.06602257827884	5.92581559083961	202
hsa-mir-6749	ATG2A	-0.123	0.416	46	-3.49681452366492	3.59422227449662	237
hsa-mir-675	H19	0.577	6.34e-26	276	4.89295848451972	6.99485177000482	4
hsa-mir-6750	ATG2A	-0.136	0.266	69	-3.24307297744064	3.59422227449662	216
hsa-mir-6751	SYVN1	0.108	0.466	48	-3.77011062894816	5.06440755576715	231
hsa-mir-6752	AIP	-0.711	0.497	3	-8.70849780325728	5.73599050409538	286
hsa-mir-6753	TCIRG1	-0.0678	0.737	27	-4.93662424647866	5.31679094178397	260
hsa-mir-6754	NADSYN1	0.273	0.0456	54	-3.92875740428666	4.66120701542897	231
hsa-mir-6755	EED	0.17	0.00778	243	-0.326992634728309	3.86396647894711	35
hsa-mir-6756	MCAM	-0.366	0.103	21	-4.33560441805663	4.80676305666842	266
hsa-mir-6757	TNS2	-0.451	0.0141	29	-5.18028550404375	2.97032023398385	261
hsa-mir-6758	MARS1	-0.177	0.251	44	-4.51483077036309	5.60344812622696	247
hsa-mir-676	EDA	0.661	2.49e-25	191	-0.282818446363241	0.631891459938934	98
hsa-mir-6761	ALDH2	0.302	6.95e-07	260	0.749074292386427	7.81360698195505	15
hsa-mir-6762	TPCN1	0.149	0.276	55	-3.51309913341493	4.16616033552577	232
hsa-mir-6763	FBRSL1	-0.196	0.0614	92	-2.91264442669081	4.20322625957651	195
hsa-mir-6764	YY1	-0.12	0.197	117	-2.63417977218443	5.40088594384038	171
hsa-mir-6766	POLG	-0.0392	0.779	54	-3.75520147122787	4.17677015403883	233
hsa-mir-6767	CCNF	0.0538	0.732	43	-4.58818512177355	3.16963079716881	248
hsa-mir-6768	TEDC2	-0.0494	0.951	4	-7.76550473068603	2.49749891090731	286
hsa-mir-6769a	MGRN1	-0.332	0.0117	57	-3.36670570417739	4.87587150333104	229
hsa-mir-6769b	IKBKE	0.32	0.057	36	-3.76469156255184	3.50593815730138	243
hsa-mir-6770-1	NPIPA1	-0.177	0.823	4	-8.08047963445844	3.11479435503991	285
hsa-mir-6770-2	AC138969.1	-0.25	0.633	6	-7.66769440448464	2.86031326402649	284
hsa-mir-6771	ADCY7	0.0165	0.964	10	-5.76140796655478	1.87466078080914	280
hsa-mir-6772	KIFC3	-0.291	0.0613	42	-4.33514874054991	3.05337885205322	244
hsa-mir-6773	ESRP2	0.25	0.0484	63	-3.87653063302166	4.47441797725276	217
hsa-mir-6774	IRF8	0.252	0.0747	51	-3.45374701822038	4.68611698993019	233
hsa-mir-6775	SLC7A5	0.0271	0.885	31	-5.21881464127535	5.8053729303147	256
hsa-mir-6776	CLUH	0.298	0.0823	35	-4.22995395799851	5.28903330504002	251
hsa-mir-6777	SREBF1	0.19	0.0302	130	-2.0009246522817	5.09214063602185	148
hsa-mir-6778	SHMT1	0.00705	0.986	9	-6.72618047375447	4.21984610822982	281
hsa-mir-6779	LASP1	0.157	0.196	70	-3.17970255709987	6.95955273713597	217
hsa-mir-6780a	EZH1	-0.236	0.332	19	-5.83888719217726	2.91661856140413	271
hsa-mir-6780b	ABCC10	0.104	0.552	35	-4.69009532842259	2.99826015055551	254
hsa-mir-6781	BECN1	0.00344	0.97	120	-2.40397744439611	5.7996234543591	165
hsa-mir-6782	UBTF	-0.0267	0.895	27	-4.49590468452424	5.34942476590653	262
hsa-mir-6783	KIF18B	0.0668	0.335	210	-0.997068083389614	2.67345598169656	76
hsa-mir-6784	PLCD3	0.28	0.0653	44	-3.92242872960749	5.68827310525941	244
hsa-mir-6785	TMEM94	-0.295	0.113	30	-4.22458262990727	4.86952997030575	251
hsa-mir-6786	HGS	-0.156	0.377	34	-4.47449063720415	5.33392206018328	253
hsa-mir-6787	SLC16A3	0.117	0.468	41	-4.06987848417735	6.52407997556275	245
hsa-mir-6788	PIEZO2	-0.381	0.00579	51	-3.3406299085183	-1.14168159695216	234
hsa-mir-6789	PLEKHJ1	0.0851	0.661	29	-4.81727405156726	6.70505421464591	260
hsa-mir-6790	GTF2F1	0.748	0.0875	6	-5.98966509065151	5.65384708513574	282
hsa-mir-6791	GPR108	-0.225	0.369	18	-5.49082513341556	4.91359888481409	271
hsa-mir-6792	CAMSAP3	-0.619	0.0318	12	-6.26711173899194	4.23945596256733	278
hsa-mir-6793	DNM2	0.109	0.146	179	-1.0966603641128	6.57535658686839	98
hsa-mir-6794	MAST1	-0.583	0.604	3	-8.72046427490228	-1.73039272863845	288
hsa-mir-6795	NOTCH3	-0.642	0.00301	19	-5.11112536132308	3.54631187917408	272
hsa-mir-6796	PLD3	-0.118	0.567	26	-4.38145237781567	6.55226899688025	262
hsa-mir-6797	RPS19	0.078	0.395	121	-2.24076954316944	11.5358096597882	159
hsa-mir-6798	RUVBL2	0.159	0.0367	172	-1.3184827580162	6.62587730722537	104
hsa-mir-6799	AP2A1	0.0725	0.648	42	-4.36340522291681	5.28685092674507	244
hsa-mir-6800	MED25	-0.337	0.055	33	-4.52408748030296	5.03361851995904	253
hsa-mir-6801	PPP2R1A	0.263	0.177	28	-4.3618524034639	7.30961392553489	261
hsa-mir-6802	PPP6R1	0.0037	0.962	165	-1.38948203742756	5.28459017065089	110
hsa-mir-6803	PPP6R1	-0.0241	0.762	160	-1.27292756162578	5.28459017065089	112
hsa-mir-6804	PPP6R1	0.0661	0.681	41	-4.57363755902337	5.3272025316495	247
hsa-mir-6805	RPL28	0.0186	0.868	82	-3.27833767367143	11.2533427209893	204
hsa-mir-6806	ZSCAN22	0.0654	0.299	254	-0.213658311816628	0.197761517651729	27
hsa-mir-6807	TRIM28	-0.213	0.0862	66	-3.62207225437242	7.79174769281225	222
hsa-mir-6808	DVL1	0.327	1.11e-05	173	-1.09202841947543	4.94478113139109	101
hsa-mir-6809	TNS1	-0.599	0.0142	16	-6.72041879125447	3.75181534845171	275
hsa-mir-6810	PNKD	0.0252	0.797	106	-2.14740324081668	4.90958230971697	176
hsa-mir-6811	MLPH	0.309	0.228	17	-6.1677954307867	4.75632008807101	274
hsa-mir-6812	PIGT	-0.179	0.157	64	-2.9965724634946	7.1701125140308	221
hsa-mir-6813	RGS19	-0.314	0.0265	50	-3.84562277507766	2.99779046366151	239
hsa-mir-6814	RIPK4	0.158	0.33	40	-4.06857588495019	2.81606857452742	244
hsa-mir-6815	COL18A1	-0.151	0.0861	130	-2.3080605320555	4.9392214981622	153
hsa-mir-6816	TRMT2A	-0.41	0.211	11	-5.18255159094366	3.93846613374284	278
hsa-mir-6818	MTMR3	-0.211	0.0972	63	-3.43862299463414	2.98472443315712	219
hsa-mir-6819	MYH9	-0.177	0.483	18	-5.8452906778215	7.76064121838195	272
hsa-mir-6820	POLR2F	0.153	0.0437	174	-1.36450477012176	6.608400386407	105
hsa-mir-6821	PIM3	0.0949	0.442	68	-2.87067365950972	5.71691438003706	218
hsa-mir-6822	TTC21A	-0.345	0.161	18	-5.17090880863008	-0.00973718055431312	270
hsa-mir-6823	PFKFB4	-0.0701	0.804	15	-5.980194342837	2.4289972062533	276
hsa-mir-6824	SLC26A6	-0.0595	0.575	91	-3.05404357942428	4.55606399127328	197
hsa-mir-6825	TPRA1	-0.0148	0.929	39	-4.41114617312615	4.5766857026962	250
hsa-mir-6826	COPG1	-0.112	0.533	33	-4.17057540191665	7.09241277410096	250
hsa-mir-6827	AMOTL2	-0.264	0.145	32	-4.85865771829921	3.45578623472798	257
hsa-mir-6829	TNK2	0.809	0.0275	7	-7.26507916250548	2.90407734505922	283
hsa-mir-6830	P4HA2	-0.722	0.0185	10	-6.7425953076557	5.15112367778717	281
hsa-mir-6831	APBB3	0.953	0.0471	4	-7.9701064433975	2.04347014416338	286
hsa-mir-6832	PRRC2A	-0.164	0.325	38	-3.9632416695013	5.72444400226557	245
hsa-mir-6833	RNF5	0.111	0.234	116	-2.29902398425514	6.06312562858181	167
hsa-mir-6834	PFDN6	0.143	0.268	62	-3.83469234053918	6.73904265881769	225
hsa-mir-6835	HMGA1	0.459	0.134	12	-5.88466842776493	8.40383347284567	276
hsa-mir-6836	SNX8	0.149	0.425	31	-4.44678535376046	4.18623464000762	255
hsa-mir-6837	DBNL	0.0491	0.441	249	0.0219458043148359	6.26293191337973	20
hsa-mir-6838	POLM	-0.155	0.346	39	-4.95772252237562	3.52330765460311	252
hsa-mir-6839	ZNF107	-0.174	0.269	42	-4.53041184668015	1.38168525303165	248
hsa-mir-6840	PILRB	-0.266	0.181	27	-4.91577724670681	3.98058744144776	262
hsa-mir-6840	STAG3L5P-PVRIG2P-PILRB	-0.309	0.116	27	-4.91577724670681	3.17370269347088	262
hsa-mir-6842	PTK2B	0.345	3.64e-09	277	1.98735537321298	4.05912979429129	3
hsa-mir-6843	CLU	-0.335	0.0875	27	-5.65617101218638	5.93468691613247	264
hsa-mir-6844	TATDN1	-0.00924	0.939	71	-3.24813683095708	5.13853287144216	216
hsa-mir-6845	NRBP2	-0.331	0.132	22	-4.93595043679509	3.00777107347127	269
hsa-mir-6846	OPLAH	0.212	0.357	21	-5.69670022481304	3.42774770076781	269
hsa-mir-6847	EXOSC4	0.13	0.426	40	-4.43555443825992	5.68162894356603	247
hsa-mir-6848	DGAT1	-0.285	0.251	18	-5.12575770725885	6.42523507019551	270
hsa-mir-6849	CPSF1	-0.23	0.358	18	-5.96028582512088	4.99009900617306	272
hsa-mir-6850	RPL8	0.0299	0.83	54	-3.77192429392978	12.1630467976227	229
hsa-mir-6851	NOL6	-0.0734	0.531	75	-3.19422865330699	3.94291776738577	215
hsa-mir-6852	TLN1	-0.132	0.0664	193	-1.45847398826727	5.38797016372998	94
hsa-mir-6853	CREB3	-0.0815	0.578	49	-3.55807347534111	5.21528147688813	238
hsa-mir-6854	TBC1D2	0.307	1.03e-06	244	-0.142716497595472	3.55356941788571	34
hsa-mir-6855	USP20	-0.043	0.691	88	-3.04933300359151	2.71677632739884	196
hsa-mir-6856	FUBP3	0.301	0.0946	32	-5.11067169839531	4.56445861415215	258
hsa-mir-6857	SMC1A	0.000886	0.997	16	-5.82126998040883	4.6630594625149	275
hsa-mir-6858	FAM50A	-0.0891	0.499	60	-3.72832109603198	5.91910663792125	224
hsa-mir-6860	SYT12	0.614	0.386	4	-7.59958682994588	-1.61673896278883	285
hsa-mir-6861	HECTD4	0.144	0.856	4	-8.74576289010044	2.52628870571531	287
hsa-mir-6862-1	EIF3CL	0.669	0.0488	9	-6.49104496729239	6.21256811005096	279
hsa-mir-6862-2	EIF3C	0.182	0.533	14	-5.93649352799491	7.56854586650781	274
hsa-mir-6864	CAMTA2	-0.486	0.677	3	-8.8757387456674	3.47215924524913	287
hsa-mir-6865	CAMTA2	-0.11	0.721	13	-5.88191150093339	3.47215924524913	278
hsa-mir-6866	CASC3	0.547	0.053	13	-6.3877124986378	4.89733202094207	278
hsa-mir-6867	RAPGEFL1	-0.23	0.258	26	-5.115795683291	4.92930250740159	260
hsa-mir-6868	EXOC7	0.0325	0.731	114	-2.62262861350843	4.74571113792377	175
hsa-mir-6869	AL136531.2	-0.336	0.136	21	-5.26184200113779	-0.461801478965296	267
hsa-mir-6869	FKBP1A	0.0369	0.874	21	-5.26184200113779	7.38406232170627	266
hsa-mir-6870	JAG1	0.114	0.452	46	-4.15897685131989	4.40928743633513	240
hsa-mir-6871	PLCG1	-0.238	0.0563	65	-3.32732662407096	4.426659600875	224
hsa-mir-6872	SEMA3B	-0.346	0.361	9	-7.07313955288693	4.29034116718701	280
hsa-mir-6873	WDR46	0.141	0.502	25	-5.81374252155894	5.10272741867164	265
hsa-mir-6874	RNF216	-0.0864	0.287	154	-2.20615726570591	3.61271179105135	134
hsa-mir-6875	TRIP6	0.167	0.0489	140	-2.08339529854458	5.65851906056335	141
hsa-mir-6876	DOCK5	0.303	0.339	12	-6.78529132818394	2.19982410363742	279
hsa-mir-6877	GTF3C5	0.264	0.000556	168	-1.64126451863314	5.25353787025128	108
hsa-mir-6878	TARS2	-0.0976	0.74	14	-6.20450266743705	4.21408402089323	274
hsa-mir-6879	ARL2	-0.167	0.107	94	-2.51213612161576	6.51268695747327	187
hsa-mir-6879	ARL2-SNX15	-0.0624	0.847	12	-2.51213612161576	-5.10557369964024	275
hsa-mir-6880	NCOR2	0.228	0.364	18	-5.00526079173841	4.83008243528519	269
hsa-mir-6881	SEMA7A	-0.225	0.46	13	-6.22422463366839	2.44822607374346	277
hsa-mir-6882	ULK3	0.0332	0.766	83	-3.24932540590861	4.07732189316905	203
hsa-mir-6883	PER1	-0.00671	0.975	25	-5.59092023567374	2.81735544291449	265
hsa-mir-6884	MED24	0.0784	0.552	60	-3.60361678313509	5.10829617891383	220
hsa-mir-6885	AC011491.2	0.0488	0.809	27	-3.18715475236689	-4.41067422869449	262
hsa-mir-6885	GTF2F1	0.0241	0.836	76	-3.18715475236689	5.71536964921481	209
hsa-mir-6886	LDLR	-0.131	0.403	43	-3.9846009212197	5.12366280480061	248
hsa-mir-6887	AC020907.6	-0.446	0.376	6	-2.18423713661967	-7.60117334635648	285
hsa-mir-6887	FXYD3	0.356	0.00049	92	-2.18423713661967	9.85295273828413	192
hsa-mir-6888	TANC1	-0.0189	0.879	67	-3.8273783024995	2.27263059372894	223
hsa-mir-6889	RANGAP1	-0.0144	0.952	20	-5.24029084780387	5.5280147820403	269
hsa-mir-6890	QARS1	-0.496	0.144	10	-6.42392801468883	7.1983719845046	278
hsa-mir-6891	HLA-B	0.149	0.129	105	-2.0288375231935	10.6977635080242	178
hsa-mir-6892	ZYX	0.118	0.0613	252	1.18258976090235	6.98382199243704	6
hsa-mir-6893	TONSL	0.866	0.334	3	-7.78468173390829	3.18686823448035	286
hsa-mir-6894	KDM5C	-0.0633	0.523	104	-2.69196411333177	5.05303732662921	182
hsa-mir-6895	KDM5C	-0.339	0.00803	60	-3.18366380758638	4.96113204711011	224
hsa-mir-7-1	HNRNPK	0.228	0.000172	268	5.68288551851609	8.29743934857303	0
hsa-mir-7-3	MIR7-3HG	0.134	0.199	93	2.30376097943583	-2.3998015399314	194
hsa-mir-708	TENM4	0.512	5.25e-20	278	5.82322058990847	-1.01892798001534	3
hsa-mir-7106	DDX54	0.116	0.766	9	-7.01972103786389	5.47630864171753	282
hsa-mir-7108	LMNB2	-0.334	0.783	3	-8.42367178202228	5.56273997757366	287
hsa-mir-7109	PISD	0.055	0.761	33	-4.73986433871211	4.18587121863108	256
hsa-mir-7110	PDIA5	0.0285	0.783	96	-2.69957916928304	4.76926680886095	190
hsa-mir-7111	RPL10A	-0.0109	0.948	38	-4.59226964843424	10.7337694773489	249
hsa-mir-7112	BOP1	0.245	0.00596	125	-2.18394823591351	5.79058619137555	159
hsa-mir-7113	NDUFS8	0.0942	0.558	41	-4.08983258612197	7.10426444244014	246
hsa-mir-7114	NSMF	-0.176	0.199	55	-3.20650272846997	5.31027756246418	222
hsa-mir-7151	CTNNA3	-0.207	0.301	27	-4.39806635598278	-4.72025751884155	261
hsa-mir-7152	CDH23	0.308	0.306	13	-5.61732356766858	-4.40433279339149	277
hsa-mir-7156	ST6GALNAC5	0.24	0.00127	178	-1.6114340854824	0.503271294806261	108
hsa-mir-7160	MYOM2	-0.242	0.694	5	-7.2312547361554	-2.81152238186837	285
hsa-mir-7161	TMEM181	-0.0308	0.858	36	-4.60622085062369	4.13784150397745	252
hsa-mir-744	MAP2K4	0.19	0.00139	281	5.34926031208749	3.05727561069446	0
hsa-mir-758	MEG8	0.151	0.904	3	4.30606202827598	-12.382660614975	288
hsa-mir-7641-2	FLVCR2	0.0432	0.638	121	-0.954942110602795	1.2335072860908	164
hsa-mir-765	ARHGEF11	0.0169	0.848	131	-2.46925038911182	3.61148568212507	150
hsa-mir-766	SEPTIN6	0.303	4.18e-07	269	3.43660380475163	3.28984628963398	0
hsa-mir-767	GABRA3	0.836	5.34e-37	137	3.0964895033133	-2.08197966507945	154
hsa-mir-769	CCDC61	0.082	0.563	52	4.90274281125245	-4.42873633816282	237
hsa-mir-770	AL117190.1	0.329	0.671	4	-3.72658029419886	-7.55322901644953	286
hsa-mir-770	MEG3	-0.116	0.403	54	-3.72658029419886	2.16069410443188	233
hsa-mir-7702	AL162414.1	0.142	0.283	59	0.871326246635331	-5.46254047849373	230
hsa-mir-7703	PSME2	0.0385	0.849	27	-5.25119960473281	8.17351247778677	262
hsa-mir-7704	HOXD1	-0.514	0.193	8	-7.4736976437783	-0.028053128522892	283
hsa-mir-7705	PABPC1	-0.00461	0.943	243	0.195006852658752	9.67180684683421	31
hsa-mir-7706	AKAP13	0.156	0.0101	272	1.48351003854159	1.94523447488723	2
hsa-mir-7844	TMCC3	0.227	0.0125	121	-2.20839590209132	2.4921340246635	166
hsa-mir-7845	MYOSLID	-0.258	0.0794	47	-2.78578619786167	-5.38893575574675	244
hsa-mir-7846	TNFRSF1B	0.0167	0.839	150	-1.82355391276181	4.69208272578338	136
hsa-mir-7848	SLA	0.362	0.275	11	-6.74670227725545	2.38354365214266	280
hsa-mir-7851	ZCRB1	-0.351	0.32	10	-6.70647348263418	5.62535563119663	280
hsa-mir-7854	CMIP	0.0414	0.556	204	-1.04870570920339	3.9031865240203	81
hsa-mir-7974	AC008481.3	0.0432	0.786	42	0.594326403837202	-6.55554343830087	248
hsa-mir-7974	ZNF653	0.0265	0.687	235	0.594326403837202	1.56465942253091	46
hsa-mir-7976	TPRA1	-0.123	0.165	129	-2.35187576401227	2.82219396903052	152
hsa-mir-7978	KCNIP4	0.668	0.332	4	-6.77783917636515	-4.52131644174009	286
hsa-mir-8072	SBNO1	0.0868	0.506	61	-2.17787385127433	-0.571695824513214	227
hsa-mir-8085	BCL3	-0.34	0.456	7	-7.8289287896303	5.51558322399842	284
hsa-mir-874	KLHL3	0.611	3.97e-29	271	4.71501007778934	0.261957088862177	0
hsa-mir-877	ABCF1	0.0317	0.607	267	1.53585598175128	5.13530590182982	10
hsa-mir-885	ATP2B2	0.168	0.239	51	-1.68297413162587	-5.96805174130555	235
hsa-mir-887	FBXL7	0.127	0.0363	272	1.32300998407355	0.811034516091447	6
hsa-mir-889	MIR381HG	0.898	0.102	4	4.07606011675011	-9.29080186273777	286
hsa-mir-9-1	MIR9-1HG	0.241	0.00251	155	7.25965944957316	-2.75487458861333	125
hsa-mir-9-2	LINC00461	0.323	1.26e-05	175	7.25890497168274	-5.12200639381971	107
hsa-mir-9-3	MIR9-3HG	0.263	0.000502	172	7.25743514447973	-4.21065864821808	107
hsa-mir-922	RUBCN	0.196	0.709	6	-7.18668345101122	1.56964675714507	284
hsa-mir-92a-1	MIR17HG	0.375	1.07e-10	278	13.7496680641172	-0.515725628896154	2
hsa-mir-92a-2	AC002407.1	0.176	0.389	26	13.6333175942087	-9.83993325234826	263
hsa-mir-92b	THBS3-AS1	0.281	3.57e-05	210	6.54299671915345	-3.75611942769789	73
hsa-mir-93	MCM7	0.292	9.03e-07	274	12.6421789391071	6.86932493402419	0
hsa-mir-933	ATF2	-0.606	0.278	5	-6.82678351947372	3.58149005112465	285
hsa-mir-934	VGLL1	0.67	8.9e-09	58	-2.39626197764433	-1.1761261363955	232
hsa-mir-935	CACNG8	0.595	8.83e-28	276	3.28009810361288	-2.88677115650134	15
hsa-mir-936	COL17A1	-0.185	0.565	12	-5.81470938806145	4.71175553364435	279
hsa-mir-937	SCRIB	0.338	1.84e-08	263	1.84369900971074	4.84171473280923	4
hsa-mir-938	SVIL	-0.337	0.0639	31	-5.33315627988246	3.87431100670962	259
hsa-mir-939	CPSF1	0.198	0.00125	262	0.680595237661356	5.96696651244881	8
hsa-mir-940	AC009065.4	0.144	0.0157	280	2.02014665255744	0.822282613057721	2
hsa-mir-941-1	DNAJC5	0.266	0.61	6	-6.77166743889359	5.05423617965882	285
hsa-mir-942	TTF2	0.327	2.63e-08	277	3.69239780085701	2.59321752473383	0
hsa-mir-943	NELFA	-0.124	0.412	46	-3.97399947963942	4.79452186465394	236
hsa-mir-944	TP63	0.278	0.000255	169	-0.0209575895048167	-1.87694738922939	116
hsa-mir-95	ABLIM2	0.544	7.61e-23	279	3.79866978113561	2.2252727955908	2
hsa-mir-98	HUWE1	-0.144	0.0185	267	5.78006529795685	3.92992086643727	0
hsa-mir-99a	MIR99AHG	0.686	5.05e-38	264	7.37615846154845	-0.083941655595028	12
hsa-mir-99b	SPACA6	-0.336	0.0809	28	13.9673629040252	-6.98010921815187	259
